0
0.00318386
0.00843355
0.00621215
0.005265
0.00296851
0.00121164
0.0011982
0.0131482
0.0050326
0.00300147
0.0161936
0.00221658
0.01715
0.00434296
0.0136141
0.00618886
0.00496391
0.0484759
0.0079484
0.0040731
0.00803829
0.0478814
0.00501048
0.000999742
0.00482366
0.0671658
0.00764573
0.00599059
0.00707207
0.00237647
0.029989
0.0114636
0.00387949
0.00798342
0.0067396
0.0196714
0.00261191
0.0116279
0.00311622
0.00822534
0.0191342
0.0177011
0.0221419
0.00242848
0.00541513
0.0300524
0.00327696
0.00352898
0.00552351
0.00390532
0.00755281
0.0189449
0.00503374
0.00930837
0.0140442
0.00675
0.00439437
0.00170374
0.00404964
0.00664786
0.0153465
0.00513163
0.0101592
0.0145544
0.0117699
0.00970887
0.024514
0.019062
0.00723272
0.0222724
0.00355506
0.00325119
0.00959896
0.00539662
0.0156549
0.0136189
0.00236283
0.00365582
0.00473491
0.0294274
0.00521913
0.0018372
0.00799582
0.00616631
0.0223289
0.00288681
0.00368109
0.0126543
0.0197286
0.00357748
0.013902
0.00317778
0.00268701
0.00557735
0.0117046
0.0111679
0.00755955
0.00704055
0.00432641
0.00801034
0.00863304
0.020762
0.00621597
0.00724004
0.00344805
0.0164917
0.00295524
0.00685597
0.0162648
0.00305677
0.00598491
0.00889263
0.0138424
0.0147797
0.0124756
0.0132961
0.00837389
0.00637637
0.00733547
0.0167338
0.0106737
0.0198992
0.00771185
0.00680576
0.0103023
0.00503511
0.0106509
0.00829289
0.00431667
0.00678798
0.00184763
0.0380019
0.00990441
0.0268765
0.0106486
0.0161366
0.00981809
0.0071762
0.0109729
0.00793523
0.00521568
0.00419536
0.00598682
0.00513917
0.0143125
0.00367485
0.00440076
0.00515078
0.00548562
0.0126502
0.0121685
0.00572328
0.0058484
0.0118891
0.00331014
0.00248813
0.0184434
0.0126109
0.00570842
0.0128949
0.00973674
0.00688964
0.00703399
0.00896002
0.0187231
0.00754578
0.00999775
0.00394256
0.0176206
0.00636726
0.014354
0.00398291
0.011745
0.00439289
0.00872023
0.00798212
0.00415747
0.0206837
0.0160475
0.0045626
0.0217595
0.00280093
0.00512475
0.00817993
0.00394195
0.00720775
0.00710504
0.00456405
0.0040516
0.00993547
0.00938098
0.00715777
0.00293162
0.00477413
0.0055838
0.0131103
0.00683862
0.00756548
0.00983696
0.00330464
0.00685964
0.00332095
0.00319512
0.0215687
0.0020542
0.00342452
0.00413224
0.0218223
0.0147917
0.012524
0.0114227
0.00696653
0.0153722
0.00571518
0.00782284
0.00601558
0.0254811
0.00879297
0.00641552
0.0108309
0.0059749
0.00865697
0.0128553
0.010257
0.0158465
0.00554345
0.00410687
0.00717668
0.00254362
0.0106514
0.0149938
0.00630569
0.0146054
0.00180802
0.0416542
0.00621051
0.00327274
0.0371137
0.0120638
0.0153454
0.0102225
0.0182756
0.00458377
0.00354293
0.00726279
0.00530781
0.00403761
0.0125259
0.0179556
0.00607767
0.00207116
0.00580193
0.00608581
0.00301222
0.0292073
0.00520361
0.00645172
0.0082435
0.0076706
0.00401851
0.0191431
0.00694892
0.00743726
0.0114015
0.0078115
0.00412214
0.00604735
0.0204356
0.00656484
0.0114596
0.0110562
0.00781829
0.0139811
0.00742867
0.00550361
0.00892975
0.0159992
0.00539169
0.00399682
0.0130536
0.00871214
0.00261891
0.0236908
0.0232928
0.0144144
0.014429
0.0055906
0.00615763
0.00759345
0.0113339
0.00745945
0.004105
0.0188935
0.00381782
0.0275695
0.00551454
0.00647089
0.00662731
0.0081493
0.00444009
0.0129919
0.00996711
0.00715904
0.00745601
0.00525269
0.00764519
0.0128277
0.00720251
0.0018541
0.0164503
0.00565269
0.00993092
0.0144056
0.0103787
0.0148944
0.00318037
0.0140927
0.00570599
0.00836352
0.00993289
0.00950717
0.0150168
0.00744347
0.0201553
0.0016004
0.00516968
0.0359254
0.0342516
0.0269019
0.00575156
0.0110647
0.00881324
0.00978534
0.0169788
0.00745208
0.0101183
0.0115009
0.0191483
0.0063779
0.00472589
0.0159997
0.00407612
0.00565051
0.0111021
0.000781792
0.0041479
0.00997866
0.00605446
0.00338604
0.00380101
0.00207174
0.00496496
0.00319597
0.0144647
0.00554878
0.00383359
0.00437983
0.0206531
0.00457341
0.00744754
0.00341203
0.0118471
0.00197707
0.00347353
0.0242709
0.015855
0.00862953
0.00858892
0.00578838
0.0455854
0.00508323
0.00405199
0.0102307
0.0194401
0.014436
0.00606029
0.00589918
0.00479062
0.0174704
0.0137829
0.0224657
0.00971648
0.0164508
0.0140227
0.00469304
0.0226917
0.00861393
0.0163497
0.00712282
0.00696068
0.00341881
0.0126579
0.00451647
0.00589477
0.00289557
0.00407154
0.0109587
0.00862843
0.0030908
0.000870544
0.00231764
0.00492493
0.00472415
0.0235596
0.00524952
0.00383267
0.00817829
0.00335598
0.0251767
0.0029272
0.0046696
0.0243105
0.00541959
0.00742035
0.00281547
0.00369885
0.00702237
0.00242257
0.00291854
0.0150249
0.0314876
0.00725862
0.0077783
0.0128751
0.0249674
0.0199981
0.0104311
0.00595346
0.00198182
0.00472237
0.0134748
0.00678388
0.00410343
0.0199423
0.00354135
0.00561957
0.00378255
0.013298
0.015131
0.007038
0.00375417
0.00559649
0.00454654
0.00641451
0.00239425
0.0104057
0.0132977
0.0179044
0.00151753
0.0093206
0.0074139
0.0076329
0.00342006
0.0029007
0.00728556
0.00478416
0.00736636
0.00339739
0.00868141
0.00470554
0.00854188
0.0240528
0.00625992
0.00224174
0.0121957
0.00474338
0.00483483
0.0329556
0.00652828
0.0198955
0.0041392
0.00367023
0.0123833
0.0141223
0.019865
0.0145563
0.0131203
0.0130548
0.00754
0.0110624
0.00744733
0.0335392
0.0151039
0.010738
0.00453557
0.0162233
0.00717811
0.0160905
0.0198905
0.00759304
0.0212544
0.00726454
0.00720521
0.00352862
0.00812765
0.0148095
0.0215524
0.00696142
0.00351312
0.00799807
0.00517847
0.00896515
0.00398079
0.00485664
0.00417838
0.00360292
0.00577589
0.0193052
0.00175611
0.00691592
0.00597969
0.0213302
0.00150287
0.0102543
0.00213378
0.00550393
0.0133345
0.00732056
0.00929968
0.0105318
0.00918189
0.0191847
0.0108379
0.00839411
0.00500016
0.00694367
0.0028882
0.0131116
0.00909911
0.00395986
0.0128926
0.0147468
0.00332305
0.00328467
0.0213899
0.00409407
0.00864419
0.0055477
0.0124002
0.0172342
0.00591006
0.00659974
0.00550145
0.0219866
0.00812524
0.00797021
0.00137006
0.0108253
0.00287887
0.00199353
0.00728738
0.00490342
0.0123178
0.00833587
0.011777
0.0179885
0.00146347
0.00157228
0.00897654
0.00456585
0.0111871
0.00253894
0.00507516
0.0193886
0.0107448
0.00342154
0.00206424
0.0135221
0.00751594
0.00379379
0.00386337
0.0263133
0.00748725
0.00832189
0.00837213
0.00697993
0.0155437
0.00250729
0.00434188
0.0121173
0.0022154
0.00734146
0.0163601
0.0137087
0.0117811
0.00739152
0.00574586
0.0142143
0.022631
0.0105396
0.00428476
0.00688217
0.00544221
0.0113988
0.00362565
0.00688443
0.00432245
0.00572239
0.00998925
0.00346837
0.00646264
0.0100483
0.00577776
0.00374866
0.00284419
0.00635778
0.00172947
0.0062011
0.0153359
0.00691285
0.0125568
0.00552027
0.010368
0.0108521
0.00457155
0.00494381
0.0157865
0.00818708
0.00568762
0.0125692
0.00779636
0.00548096
0.00635623
0.014457
0.011138
0.0047897
0.0116216
0.0109862
0.00105387
0.016622
0.00210882
0.0131369
0.0148108
0.0036862
0.00543463
0.0038444
0.00845654
0.00888535
0.00970068
0.00396581
0.00816741
0.00849511
0.00540131
0.00335261
0.00585217
0.00162266
0.00329319
0.00783932
0.00428352
0.00785474
0.00574441
0.0145978
0.00351466
0.018577
0.00443475
0.00359749
0.00217253
0.00259462
0.0166919
0.0112323
0.0141686
0.00496609
0.00506622
0.0043186
0.00931059
0.00889083
0.00586613
0.0147666
0.00315889
0.00571418
0.0113867
0.0129241
0.00629067
0.0174894
0.00710138
0.00399808
0.00580898
0.00844855
0.00856441
0.00381831
0.0194668
0.00272377
0.0245852
0.00901972
0.00777656
0.00656641
0.0209785
0.00460628
0.0116655
0.00398268
0.00297088
0.0038876
0.00848287
0.0174516
0.00347523
0.00271648
0.011353
0.00432869
0.00913666
0.00166255
0.0078656
0.00257023
0.0140874
0.0037764
0.00453075
0.00789286
0.00537286
0.00989798
0.00801858
0.00663654
0.00627292
0.00886989
0.00514368
0.00635793
0.00402532
0.00805239
0.0104291
0.00189749
0.00352226
0.00379071
0.01478
0.0109719
0.0225293
0.0110762
0.0108681
0.00394949
0.0128898
0.0113072
0.0187787
0.00436689
0.0176497
0.00766179
0.00568343
0.00225883
0.0137944
0.00486221
0.0175985
0.00952679
0.00402344
0.0165222
0.00545617
0.00319897
0.0136643
0.00393861
0.003053
0.00340601
0.00337396
0.0154954
0.00315439
0.0054287
0.00676036
0.00875452
0.00465082
0.0031538
0.00242645
0.00545333
0.00454633
0.00453879
0.012188
0.0121124
0.00379761
0.000714469
0.011401
0.00376501
0.0174517
0.00203508
0.0105297
0.0113795
0.00951215
0.0019184
0.022164
0.00220958
0.00518842
0.0199794
0.00255163
0.00525502
0.00265868
0.00162884
0.0160442
0.0109013
0.0087871
0.0102059
0.00255598
0.021964
0.00123609
0.00136816
0.0141208
0.0156721
0.00403183
0.00662374
0.00453937
0.0132882
0.0135453
0.00414717
0.00358917
0.0166144
0.00220028
0.0019102
0.0130566
0.000933163
0.00216837
0.00613518
0.00322627
0.00761062
0.00412005
0.00750259
0.00253977
0.00728119
0.0100938
0.0151268
0.0112366
0.0056358
0.0153129
0.00424649
0.0132654
0.0104158
0.00378489
0.00206687
0.00897273
0.0164896
0.00829031
0.00766238
0.00991388
0.00528354
0.00721051
0.00446679
0.0101445
0.00840606
0.0166732
0.00929362
0.0133016
0.0160831
0.00643711
0.0352116
0.0165279
0.00381345
0.0380841
0.00317374
0.00899242
0.00337635
0.00470799
0.0131415
0.00371702
0.0059824
0.00756984
0.0024757
0.00749514
0.00476752
0.00531058
0.0139388
0.00731915
0.00672521
0.0116937
0.00596674
0.0063707
0.00389033
0.00231408
0.00177092
0.0181357
0.00341435
0.00759547
0.0200507
0.0147693
0.0117103
0.00352113
0.00708554
0.0130365
0.0113941
0.0104216
0.00999954
0.0071183
0.0133672
0.00467147
0.00868329
0.00715367
0.00591174
0.0144689
0.0178151
0.0231145
0.0102926
0.0103592
0.00811467
0.00460919
0.0142885
0.00258432
0.00670759
0.00757204
0.00621125
0.0217849
0.00836892
0.00945097
0.00829454
0.00603015
0.00453384
0.0076977
0.017187
0.00377086
0.0110196
0.00283544
0.00197447
0.00667683
0.00562046
0.00716053
0.00160121
0.00907973
0.00317393
0.010524
0.00311361
0.00122611
0.00849328
0.0103083
0.0138326
0.00352236
0.0136109
0.00132564
0.0179847
0.00291669
0.0175363
0.00638649
0.00224567
0.00849075
0.00304345
0.0199854
0.00228913
0.00676026
0.0151724
0.0029683
0.0118528
0.0200503
0.0140977
0.0103519
0.00705229
0.00751896
0.0216437
0.00689441
0.00825999
0.00483102
0.00288013
0.00596662
0.0062717
0.0087964
0.00229232
0.00482813
0.0122687
0.00230824
0.00573177
0.014097
0.00265912
0.00523927
0.00201064
0.00765471
0.00217707
0.00426512
0.00256345
0.00381429
0.00319488
0.00261611
0.0140171
0.0108609
0.0181431
0.00335172
0.00560672
0.0247885
0.0020263
0.00637207
0.00207975
0.00781418
0.0125432
0.00410148
0.0105791
0.00715469
0.0172752
0.00621542
0.0115986
0.0203762
0.00613179
0.00789636
0.00148387
0.00632221
0.00611201
0.00280595
0.0249566
0.0150169
0.00638091
0.0197982
0.0126521
0.00653281
0.019158
0.00109056
0.0038876
0.00692048
0.00502188
0.00833182
0.00638009
0.0127715
0.00276765
0.00155402
0.0137074
0.00643411
0.00686427
0.00560309
0.00454076
0.00348966
0.00624877
0.00405196
0.00464123
0.0085507
0.00205088
0.00667682
0.00690442
0.00844016
0.00778405
0.0121494
0.00373341
0.0139608
0.00731896
0.0123493
0.0122215
0.00995904
0.00935192
0.0164085
0.00979681
0.0129897
0.0139603
0.0172346
0.00914101
0.00637922
0.00540863
0.0275186
0.0105606
0.0134578
0.011602
0.0105915
0.00410515
0.0107863
0.00668138
0.00758506
0.00940464
0.00234366
0.0118952
0.00590423
0.0051319
0.0227037
0.00229324
0.00517082
0.0114667
0.00399821
0.00521674
0.00527516
0.00512031
0.00449301
0.00801828
0.0049316
0.0035695
0.0124463
0.00231212
0.00476285
0.00427055
0.00688193
0.0194591
0.0260657
0.018554
0.012425
0.00609776
0.0103306
0.00469226
0.00296079
0.0110398
0.0101641
0.00762198
0.017915
0.00490922
0.0135253
0.00681789
0.00543098
0.00880161
0.00467109
0.00161441
0.0115633
0.00826
0.0040159
0.0105943
0.00917596
0.00726796
0.00864448
0.00709285
0.00410344
0.0212525
0.00672563
0.0194015
0.00491376
0.00523523
0.0125573
0.00329273
0.00165689
0.00903819
0.00314046
0.00708307
0.00901552
0.00215217
0.00265001
0.0106653
0.0021239
0.00257816
0.0158309
0.00349577
0.00214529
0.0110207
0.0157026
0.00847998
0.0059054
0.0055716
0.00748321
0.0065161
0.00615774
0.00954634
0.00407329
0.00844353
0.00474824
0.0140121
0.0115753
0.00406481
0.0099182
0.00551145
0.0152207
0.00626886
0.00640693
0.00569393
0.00870329
0.00331392
0.00568117
0.0150181
0.00367235
0.00892193
0.0095197
0.0101573
0.00323472
0.005271
0.0135188
0.00963064
0.00246837
0.00300694
0.00101457
0.00941904
0.00400828
0.0128828
0.00370706
0.0060998
0.00182577
0.0118315
0.00126017
0.00401009
0.00896496
0.0028555
0.00623249
0.0176742
0.0104972
0.0172737
0.0137591
0.00568493
0.0174727
0.00849586
0.0081235
0.00694346
0.00832008
0.00477782
0.000999004
0.00614827
0.00443731
0.00259904
0.0140133
0.00724345
0.00192595
0.00597279
0.00377178
0.012893
0.0113224
0.00389087
0.01458
0.0020726
0.00928138
0.00806248
0.00783186
0.0114482
0.00475675
0.0208715
0.00221285
0.00806642
0.00788346
0.00294723
0.00730045
0.00916166
0.016125
0.00865955
0.00577417
0.005953
0.00261355
0.00355626
0.00955259
0.0023622
0.0104684
0.00457118
0.00893777
0.00697017
0.00120353
0.00477423
0.00328954
0.00317938
0.0308755
0.0124228
0.0158697
0.00440848
0.0150046
0.017437
0.0040696
0.00711039
0.00195488
0.00998014
0.0101304
0.0107677
0.00837533
0.00527437
0.0110968
0.00888459
0.00865169
0.0081644
0.0112911
0.00296623
0.0102206
0.00559724
0.0088789
0.00540742
0.004811
0.00495594
0.0127669
0.00287855
0.0115136
0.00943162
0.00581819
0.00476288
0.0175122
0.00558764
0.00381755
0.00558172
0.00244218
0.0132844
0.0093083
0.00541262
0.00242724
0.00592975
0.00751734
0.00268658
0.00466018
0.0031323
0.0102126
0.00947103
0.00263063
0.00701342
0.0107503
0.00915366
0.00751015
0.0176251
0.00336387
0.00575587
0.00742276
0.00614275
0.0126285
0.00666278
0.0114052
0.0038075
0.00329589
0.0283812
0.00377367
0.00305158
0.00899757
0.00424898
0.0217381
0.00207752
0.0141444
0.00555823
0.00101086
0.0117616
0.00283915
0.00960654
0.00447881
0.00602556
0.0101128
0.0127157
0.0117073
0.00807178
0.011011
0.0145638
0.00583747
0.00591561
0.0101276
0.00218148
0.00296113
0.019149
0.00257773
0.00178267
0.00535824
0.00293333
0.0053369
0.00345208
0.010714
0.00894341
0.0291166
0.00327298
0.0287418
0.0125004
0.00941551
0.0117454
0.0116362
0.00323156
0.00488207
0.0033238
0.0209051
0.0125072
0.00269399
0.011422
0.00293907
0.00878123
0.00753536
0.0333033
0.00263857
0.00468779
0.00205125
0.0304157
0.0014795
0.00759155
0.00683728
0.009684
0.0123972
0.00348699
0.00940455
0.006159
0.00613748
0.00876284
0.00909142
0.00571159
0.00829597
0.00972945
0.00340692
0.00567137
0.00375625
0.00552407
0.00974888
0.00378681
0.0114084
0.0045164
0.00224056
0.0131438
0.00521019
0.0131838
0.00350492
0.00544622
0.00451234
0.00628499
0.0100589
0.00151241
0.00556243
0.00708418
0.0120151
0.00212258
0.00633133
0.00724308
0.00572747
0.0163599
0.00585401
0.00459287
0.00568721
0.00699445
0.0113921
0.0109886
0.00847329
0.00299822
0.0120505
0.00869597
0.00332571
0.00452415
0.00200789
0.00413279
0.0199391
0.00312914
0.00909577
0.00254929
0.0125894
0.00896073
0.00506461
0.00476611
0.0109426
0.00720568
0.00568531
0.0083252
0.00368256
0.0027228
0.0177664
0.00844339
0.00447785
0.00195048
0.00589392
0.0080596
0.00753279
0.00310383
0.00418463
0.00881299
0.00608446
0.00569562
0.0114004
0.00338643
0.00566219
0.011279
0.005018
0.00645375
0.0146467
0.0116299
0.0088528
0.00691355
0.00985393
0.00523138
0.00325679
0.00984313
0.00594068
0.00761852
0.00839185
0.00845759
0.012769
0.00954242
0.00622369
0.00376863
0.0185635
0.00304431
0.00484615
0.0066437
0.0176273
0.0068744
0.00956299
0.00391795
0.00271968
0.0139362
0.019154
0.00344475
0.0125268
0.00328945
0.00880692
0.00199527
0.00470393
0.00420064
0.00845556
0.00228167
0.00661183
0.00563049
0.00227157
0.0128635
0.00284093
0.00335628
0.0099132
0.0112355
0.0116959
0.00638088
0.00580385
0.00593756
0.00945059
0.00436193
0.0328724
0.00912169
0.0104632
0.00500918
0.00913665
0.00336425
0.00905919
0.00433981
0.0155797
0.00636593
0.0100288
0.00376288
0.00973081
0.00799492
0.00614283
0.0134143
0.0055016
0.00509631
0.0109005
0.017423
0.0223015
0.00758234
0.0113651
0.00713188
0.00239534
0.00538695
0.00394777
0.0115768
0.0039443
0.00634532
0.00357504
0.0116283
0.00251577
0.00595126
0.00264824
0.00904845
0.00306969
0.00379775
0.00400601
0.00666614
0.0160388
0.00596005
0.00881264
0.00508359
0.00815663
0.00950973
0.0156147
0.0110201
0.00403804
0.00966975
0.00690787
0.00265392
0.0109693
0.00630753
0.00448722
0.0170079
0.00512942
0.00887782
0.00194261
0.00998107
0.00969702
0.0148654
0.024376
0.00819691
0.00314668
0.00431052
0.00920795
0.0189504
0.00689965
0.0112836
0.0192063
0.00495295
0.00601617
0.00252072
0.0172223
0.00739985
0.0147316
0.00334692
0.00528864
0.00377263
0.00637409
0.00249507
0.00261035
0.00703911
0.00848776
0.000742436
0.0127155
0.00254119
0.00540377
0.00560629
0.00198953
0.00378382
0.00853014
0.00939608
0.00162481
0.00656316
0.00502052
0.0106786
0.00293839
0.00567967
0.0137026
0.00554656
0.0066901
0.00384881
0.00850615
0.0192666
0.0166352
0.0131703
0.00501594
0.0103649
0.00183581
0.0131915
0.00333928
0.009448
0.0159313
0.00606365
0.0101347
0.00642659
0.00272824
0.0156926
0.00798803
0.00874839
0.00325573
0.00817114
0.00379805
0.0103227
0.00544449
0.0076508
0.00861501
0.00912192
0.00309206
0.0176255
0.00345664
0.00450342
0.0206967
0.0018622
0.0100087
0.0144476
0.00180244
0.00371422
0.00826295
0.00223104
0.0108364
0.00487898
0.0126959
0.00410259
0.00856722
0.0170083
0.00187192
0.00529198
0.00432614
0.0104788
0.00886293
0.0146753
0.0061759
0.00390231
0.00329589
0.00723996
0.00417013
0.00851796
0.0028025
0.0103812
0.00373304
0.00575238
0.0121777
0.00910564
0.0106184
0.00265506
0.0124637
0.0169999
0.00653076
0.0173425
0.00836138
0.00405427
0.00875326
0.0360233
0.000869432
0.0112072
0.00449092
0.0110276
0.0113708
0.00433761
0.00424384
0.00371815
0.00501382
0.00467293
0.0063929
0.00307797
0.00667596
0.00214999
0.00425418
0.00613882
0.00999493
0.00239691
0.00329582
0.0195466
0.00451379
0.0136874
0.00742524
0.0214255
0.0039426
0.00862098
0.00442211
0.019642
0.0253039
0.00640846
0.00322276
0.00760554
0.00492551
0.0111072
0.0250563
0.0139853
0.01449
0.000886204
0.00919746
0.00787513
0.00423846
0.0216919
0.00224952
0.0185255
0.0196265
0.00323762
0.0101842
0.00470398
0.00706189
0.00891721
0.00598076
0.00902016
0.0197726
0.0069592
0.00745311
0.0124194
0.00413484
0.00191287
0.0120062
0.00712567
0.00628302
0.010722
0.00940086
0.0106901
0.00623551
0.01578
0.00599403
0.0115276
0.00238291
0.00988503
0.00412034
0.00459685
0.00489313
0.00774779
0.012223
0.0156096
0.0112286
0.0261657
0.00506192
0.0243651
0.0109414
0.015512
0.0166947
0.0294487
0.010638
0.00591176
0.0155695
0.00920885
0.0110135
0.011971
0.00765808
0.0111305
0.00807847
0.00111648
0.0116278
0.0177192
0.00807455
0.00546127
0.00844179
0.00876707
0.011855
0.00514165
0.00915641
0.00494508
0.00404848
0.00806867
0.0139459
0.00481625
0.0107221
0.00371281
0.00495305
0.00332998
0.0072828
0.00573657
0.00366988
0.00640154
0.00349429
0.0026204
0.00283224
0.0072765
0.0179534
0.0117763
0.005718
0.00796286
0.0100775
0.00290394
0.0127011
0.00270202
0.0148822
0.0023657
0.00510009
0.00953839
0.0071159
0.00462677
0.00377992
0.00771598
0.00986155
0.00215547
0.0152325
0.00427269
0.00490683
0.00366726
0.0244394
0.00478628
0.00966436
0.0053201
0.00759671
0.00524814
0.00429884
0.00654882
0.00744029
0.0069916
0.0211265
0.0031596
0.00668839
0.0133804
0.00713236
0.0073803
0.0103585
0.00280043
0.00413952
0.00658454
0.00344987
0.0120252
0.00243429
0.0030319
0.00596013
0.00344284
0.00404798
0.0132628
0.00330506
0.00888655
0.00413691
0.0123053
0.000541434
0.0100393
0.00741122
0.00142214
0.0105994
0.0177412
0.0135164
0.00325223
0.0131879
0.01287
0.00174328
0.00609023
0.00423806
0.0141496
0.0131573
0.00253772
0.0148028
0.00740678
0.0106378
0.0106452
0.0237104
0.0093957
0.0179041
0.00399163
0.00798881
0.00281676
0.0219987
0.00883571
0.00782959
0.00567976
0.0053242
0.0170143
0.00332322
0.00331865
0.0237921
0.00506843
0.00272259
0.00440055
0.00433504
0.00670121
0.00424566
0.00754935
0.0081657
0.0220747
0.00811689
0.0116485
0.00989299
0.0139525
0.0059868
0.0146958
0.0222195
0.00780798
0.00455076
0.00484141
0.00573703
0.0068078
0.00832217
0.00478747
0.0180237
0.00710735
0.00637656
0.00329371
0.0204186
0.0104062
0.00843735
0.00566454
0.00520622
0.00642311
0.00472312
0.0170142
0.0104174
0.0302153
0.00380522
0.00649368
0.00842429
0.00394116
0.0216181
0.00681918
0.00406935
0.00717869
0.00639127
0.00491753
0.00984039
0.00907617
0.00195285
0.00293275
0.00783061
0.00496917
0.00428152
0.00756943
0.0045633
0.00594715
0.00570547
0.00544225
0.00431746
0.018098
0.00305269
0.0371138
0.0131799
0.0104977
0.00837838
0.00625806
0.0126556
0.010018
0.00434058
0.00788669
0.00451472
0.00390932
0.00946514
0.0164785
0.0071253
0.0107384
0.0119786
0.00563797
0.00563408
0.00380483
0.013056
0.00425916
0.00287981
0.0270168
0.00757671
0.00393562
0.018578
0.00695196
0.0165528
0.00409286
0.0115856
0.0113696
0.00469948
0.00447818
0.00549007
0.00307414
0.0209509
0.00693433
0.00594739
0.0238824
0.00459396
0.00438416
0.00513067
0.0107319
0.00497229
0.0104837
0.00325433
0.00252782
0.00304079
0.0214261
0.00110639
0.0104854
0.0194145
0.0050221
0.00408652
0.0110614
0.00478559
0.00720831
0.00745202
0.0130168
0.00678468
0.00380317
0.00703295
0.00790703
0.0164587
0.00757054
0.00822183
0.00757888
0.00486303
0.0113215
0.00588362
0.00989363
0.00837247
0.0123976
0.00319142
0.00835725
0.00689834
0.00343201
0.00397749
0.00878738
0.020429
0.0111792
0.0228756
0.00169256
0.00703266
0.000831329
0.00654755
0.0166048
0.00488434
0.0014349
0.00368916
0.00385816
0.004317
0.0102284
0.00141561
0.00781831
0.0127433
0.0101713
0.0113241
0.00651001
0.00278136
0.00311646
0.0164053
0.00362336
0.00989826
0.0207443
0.00881792
0.0100621
0.0100899
0.00764292
0.0154305
0.0185445
0.00169144
0.00709296
0.00930218
0.0144176
0.00451183
0.0160246
0.0292846
0.0119579
0.0141998
0.00599215
0.00642198
0.00635586
0.00496851
0.00831287
0.00965586
0.0125789
0.00389396
0.00465102
0.00801799
0.00347377
0.00567875
0.0316101
0.00280594
0.0136432
0.00327517
0.00433687
0.00275915
0.00497203
0.0107633
0.00766301
0.00924187
0.00942723
0.0180833
0.00674995
0.00690508
0.00615628
0.00540085
0.0130917
0.0175234
0.0144919
0.0038955
0.00648686
0.00758479
0.00324106
0.0183346
0.00701336
0.011033
0.0163683
0.00446904
0.00811832
0.00855524
0.0155138
0.00325572
0.00524893
0.0058582
0.00515207
0.0138165
0.012734
0.00961776
0.0119989
0.00867659
0.00567711
0.0295044
0.00522209
0.00232703
0.0238634
0.00599632
0.00466815
0.0014839
0.00393734
0.00613061
0.00788809
0.00366555
0.00650883
0.00344236
0.00307741
0.0202207
0.00367474
0.0017804
0.012648
0.00241346
0.00246853
0.00878616
0.00961714
0.0024404
0.00629442
0.00515916
0.00751625
0.0104083
0.0115056
0.0192586
0.00333769
0.00434219
0.00610786
0.00319816
0.00668301
0.00619017
0.00266337
0.00394661
0.00466818
0.00458765
0.0145825
0.0260476
0.0053135
0.0292438
0.0106327
0.0284933
0.00267325
0.0127385
0.00381456
0.0050877
0.00464166
0.0180643
0.00371154
0.0101539
0.0123816
0.00992342
0.0120121
0.00329552
0.00799033
0.00786818
0.00918922
0.00270655
0.0109558
0.00159747
0.00217012
0.00844449
0.00152468
0.0153299
0.00409827
0.0183064
0.00377355
0.00286432
0.00796292
0.0124958
0.00662524
0.00202411
0.00911705
0.00381536
0.0234349
0.00393275
0.00947735
0.00870217
0.00829723
0.011984
0.023242
0.00713149
0.0143969
0.00638442
0.00492348
0.0111773
0.00636732
0.00428495
0.0042506
0.0195465
0.00580368
0.00671918
0.02722
0.0037309
0.0168619
0.00683654
0.0152347
0.0105231
0.00968327
0.0143982
0.0202344
0.00813323
0.00853395
0.00896417
0.00803626
0.00117693
0.00734487
0.0074383
0.00751078
0.00419993
0.00336521
0.0144042
0.00292836
0.00523527
0.0034345
0.0025615
0.00706605
0.00665597
0.0041947
0.00516139
0.00613797
0.00700181
0.00221594
0.0152993
0.0165547
0.00692187
0.00684362
0.00408008
0.00821588
0.00735843
0.0145469
0.00245726
0.0175183
0.00488673
0.010335
0.00759507
0.0101941
0.0133381
0.00576657
0.00814085
0.00335225
0.014608
0.0130169
0.00912651
0.0106198
0.0141336
0.00875432
0.00479879
0.00945105
0.00733391
0.0031243
0.0216002
0.00831968
0.0119847
0.0126758
0.0015968
0.00482692
0.00618641
0.00555183
0.00163456
0.0109029
0.00717145
0.00131693
0.0146131
0.0126715
0.0254076
0.00448822
0.00234628
0.0113471
0.004184
0.00464035
0.00628579
0.0110646
0.00710405
0.00541021
0.00324474
0.00488925
0.01078
0.00505964
0.0139766
0.0115946
0.00670131
0.00828119
0.00585475
0.011377
0.00440505
0.0187375
0.0048341
0.00295949
0.0125424
0.00630168
0.00606323
0.00433478
0.00133794
0.0214383
0.00345919
0.0155131
0.0170431
0.00998494
0.00578351
0.0112357
0.00637109
0.00404297
0.0127583
0.00180147
0.00683873
0.00296253
0.00979027
0.00527521
0.00298601
0.00903193
0.00847323
0.00115871
0.0178309
0.00240499
0.00491004
0.00554455
0.00536676
0.00206747
0.00645072
0.0316
0.00197685
0.00617542
0.0201172
0.0125946
0.00389362
0.00955972
0.0104507
0.0128086
0.005765
0.00791337
0.0188342
0.00343835
0.015361
0.0235071
0.00345142
0.0125809
0.00724272
0.011144
0.0179002
0.00468507
0.00635269
0.0168151
0.00530721
0.00520183
0.00391512
0.00490693
0.0116797
0.00626454
0.00708751
0.00629756
0.00905496
0.00357785
0.00842681
0.00551755
0.013323
0.00424902
0.00205813
0.0113185
0.00161293
0.00860823
0.0085333
0.00846756
0.00200226
0.0057204
0.002463
0.0109407
0.00604134
0.00583804
0.00318722
0.00576236
0.0107662
0.00886224
0.0119017
0.00192121
0.00682687
0.00422499
0.0138648
0.00192474
0.00510354
0.00632031
0.0170267
0.00306851
0.0163652
0.0222519
0.00733618
0.0110305
0.0112191
0.0177125
0.00303131
0.00639769
0.0129376
0.0088996
0.0101891
0.00722275
0.00615416
0.0240816
0.0290942
0.0177404
0.0139273
0.0114085
0.0109668
0.00700969
0.00305109
0.0053145
0.00315815
0.00937808
0.00283773
0.00871371
0.00803005
0.00370527
0.00468503
0.00488237
0.00394035
0.00676185
0.00744193
0.00551656
0.00709658
0.00979266
0.00509051
0.00871735
0.00396342
0.0268896
0.00686087
0.0032619
0.00243482
0.00222658
0.0200276
0.00455215
0.0150251
0.00732142
0.00935073
0.0123497
0.0172071
0.0081832
0.0026747
0.00630344
0.00745087
0.0140343
0.00921626
0.00555374
0.0108728
0.00697755
0.0252167
0.00363154
0.00759528
0.00925038
0.0269069
0.0148122
0.00741935
0.00760317
0.00203995
0.00214655
0.0113419
0.00748371
0.00306236
0.00460523
0.00784841
0.00465864
0.00558042
0.00580045
0.00630887
0.00201882
0.00901527
0.0109506
0.00220626
0.024399
0.00356175
0.0162935
0.00131803
0.00202073
0.00263257
0.00902555
0.00414793
0.00535263
0.00546709
0.0197475
0.00218443
0.00221182
0.00895811
0.0170829
0.0029142
0.0156823
0.0118069
0.00199125
0.0161985
0.00469011
0.0112939
0.0105883
0.00467696
0.0105512
0.00307081
0.00906982
0.0153332
0.00728323
0.00407603
0.00295568
0.00720455
0.00986187
0.0168684
0.00227915
0.0026776
0.00756375
0.0116158
0.0100292
0.00078843
0.00989065
0.00468085
0.00397628
0.00635787
0.0124458
0.00164297
0.00179578
0.00646869
0.00771909
0.0104839
0.00116931
0.00284529
0.0010458
0.00661993
0.00376117
0.00572095
0.00508438
0.00271726
0.00738803
0.0031095
0.00974171
0.00927715
0.0194814
0.00438194
0.0240054
0.00696638
0.0147284
0.0038679
0.0128958
0.00167961
0.0170752
0.0027
0.0198085
0.0052767
0.0034393
0.00327375
0.0142279
0.00797474
0.00799944
0.0100386
0.00919156
0.00605247
0.00308911
0.00860946
0.0234839
0.00169246
0.00927527
0.0025654
0.00558452
0.00856537
0.00213301
0.0071593
0.0108234
0.00276558
0.00133094
0.00648695
0.000595302
0.00433501
0.00831431
0.00586151
0.00310572
0.0141306
0.00801176
0.00315782
0.00956532
0.0128811
0.00488361
0.0178575
0.00419952
0.0156351
0.00447796
0.00530321
0.00794753
0.00543093
0.00722635
0.0195505
0.00337461
0.0035936
0.00696205
0.0058722
0.00693565
0.0146286
0.00414229
0.00349131
0.00453641
0.0113292
0.00691174
0.00675899
0.00481186
0.0199559
0.00616167
0.00625735
0.0107451
0.0237269
0.00350941
0.0132073
0.0133333
0.0047954
0.00855537
0.0154726
0.00356556
0.00840267
0.00518483
0.00302891
0.00649544
0.00554146
0.00685591
0.0060501
0.00819139
0.00229794
0.00214932
0.00679976
0.00227434
0.00939351
0.00317829
0.004726
0.00320364
0.00178256
0.00576734
0.0119383
0.0188593
0.0022267
0.00934901
0.00542896
0.0137464
0.00767161
0.00528687
0.00644406
0.0136803
0.0271277
0.00453495
0.0182104
0.0102754
0.00141492
0.0113196
0.0124183
0.00494401
0.00749217
0.00503581
0.0168487
0.013509
0.00884357
0.00856076
0.00494153
0.004621
0.0103395
0.00302943
0.00412231
0.00212721
0.0044706
0.00272478
0.00620194
0.00941372
0.00350472
0.00287923
0.00536704
0.00129327
0.00296998
0.00665447
0.00472867
0.00285483
0.00585937
0.0111464
0.00535231
0.00898914
0.00682736
0.0041847
0.00852855
0.0257333
0.0109899
0.00327453
0.0257264
0.0137312
0.00983925
0.00660095
0.00212482
0.00575572
0.011818
0.0039175
0.00890789
0.0141474
0.00473751
0.00738815
0.0214245
0.00932838
0.0280194
0.00534722
0.00252278
0.0241429
0.00300748
0.0129067
0.0153389
0.0100418
0.0101521
0.00292068
0.00564246
0.0124646
0.00444861
0.0154743
0.0091908
0.00670931
0.0039057
0.00376604
0.0105181
0.0249217
0.00718001
0.0012702
0.00856423
0.00311089
0.00339723
0.0114732
0.00554466
0.00428436
0.00738704
0.00673448
0.00404704
0.0134444
0.00989447
0.00671455
0.011044
0.0295444
0.0079
0.0119196
0.00515154
0.00759713
0.0193813
0.00331192
0.00561985
0.014124
0.0101644
0.00731998
0.0116684
0.0123857
0.0140988
0.00816903
0.0117923
0.00867878
0.0075493
0.00700128
0.00927409
0.00595249
0.0117024
0.00284434
0.0202194
0.00215017
0.00250537
0.00761484
0.0220872
0.00614584
0.00547932
0.00528606
0.0126819
0.00436714
0.00310045
0.00100289
0.0039001
0.00308051
0.0049936
0.00447806
0.00348063
0.0206963
0.00706004
0.0130036
0.00660634
0.0090649
0.00341121
0.00400836
0.0140991
0.00928683
0.00973519
0.00895344
0.0134114
0.00290822
0.0134348
0.00436378
0.00490186
0.0221885
0.00528191
0.0115714
0.0071279
0.00688294
0.00605888
0.00596205
0.0040889
0.00397963
0.0356067
0.00525143
0.00985022
0.0173152
0.0064621
0.00998351
0.00598614
0.00792593
0.00499869
0.00864948
0.00195899
0.00820313
0.00839557
0.00468346
0.00548112
0.00227917
0.0117059
0.00430658
0.00132525
0.00712615
0.00620472
0.0223356
0.00474296
0.00359964
0.00548927
0.0146795
0.00293589
0.00859917
0.00166047
0.00364425
0.0123578
0.0039457
0.00661932
0.0141051
0.0199845
0.00344257
0.0112998
0.0160065
0.00716636
0.00181574
0.00547396
0.00599538
0.00458914
0.0145942
0.00974602
0.0107226
0.0147918
0.0316941
0.0137478
0.016018
0.01098
0.015486
0.00811974
0.00808491
0.00421035
0.0209368
0.0148518
0.00638519
0.0224657
0.00613725
0.00580126
0.0253471
0.0153387
0.0108933
0.00427752
0.0053813
0.0085254
0.00447157
0.00299963
0.00964684
0.00371893
0.00760103
0.00470701
0.00680196
0.00257919
0.0282623
0.00206903
0.00405989
0.00256364
0.0061567
0.00648501
0.00652212
0.00599127
0.0102423
0.00710523
0.00470484
0.0044229
0.0091392
0.0104472
0.00471219
0.00499515
0.00765647
0.00853229
0.0165377
0.00961058
0.00998111
0.00277406
0.0142522
0.00344136
0.0113118
0.00635509
0.014503
0.00782109
0.00444996
0.0119195
0.0163784
0.00809626
0.00174606
0.00324189
0.00831113
0.00791828
0.0078951
0.00421398
0.0103985
0.0108785
0.00515101
0.0015392
0.00696915
0.00141008
0.0118032
0.00778265
0.0169164
0.00510161
0.0158382
0.00108483
0.00768447
0.00228112
0.00361319
0.00351788
0.00209609
0.0155899
0.0173215
0.00735462
0.0254325
0.0101386
0.0088706
0.00964493
0.00268987
0.0130388
0.0128143
0.00297768
0.0112449
0.00841396
0.00645625
0.00585002
0.00543443
0.0141373
0.0100855
0.0212902
0.00383997
0.00651405
0.00854603
0.0151965
0.00194395
0.00486695
0.0136871
0.00679298
0.00898629
0.015614
0.0117286
0.00459762
0.00994157
0.00450898
0.00479654
0.00286065
0.00533706
0.00554276
0.00315847
0.00600983
0.0109894
0.00471062
0.0125773
0.0080408
0.00359659
0.0118088
0.00250675
0.00196117
0.00168627
0.00112703
0.00629792
0.00310448
0.00557424
0.00573987
0.0178115
0.00710949
0.00740703
0.00581236
0.0119107
0.0110142
0.00243432
0.0103136
0.0160982
0.00502177
0.00563544
0.00375988
0.0086789
0.00429306
0.00963552
0.00724145
0.007125
0.00926632
0.0054273
0.00930538
0.00337699
0.00440967
0.0130513
0.00465757
0.00340964
0.00496632
0.00463511
0.00529846
0.00773663
0.00671377
0.00680323
0.00498756
0.0077684
0.0150521
0.00534677
0.00475824
0.00283699
0.00414752
0.0162005
0.00236002
0.00396243
0.00384606
0.00377879
0.0241144
0.00492155
0.00518503
0.00430962
0.00439188
0.00674893
0.00850276
0.00688783
0.0102735
0.0131379
0.00241006
0.0119044
0.00659487
0.00452359
0.00724391
0.00978719
0.00668992
0.0125812
0.0095294
0.00239076
0.0174803
0.00188329
0.0129795
0.00926125
0.00383682
0.00597245
0.00743491
0.00354288
0.00784462
0.00765109
0.00342677
0.0056819
0.0223963
0.00849676
0.0139043
0.00539762
0.00389716
0.00630131
0.0184468
0.0254363
0.00469916
0.00320214
0.0042652
0.00897572
0.00467348
0.00590151
0.0029814
0.00484272
0.00401535
0.00628501
0.0159529
0.00221035
0.0133079
0.00277748
0.00742236
0.00670588
0.00509727
0.0149686
0.00424905
0.00836909
0.00866432
0.00859607
0.00334247
0.00981265
0.00671599
0.0140023
0.00625587
0.00340613
0.00967703
0.00358331
0.0111986
0.00396863
0.00883554
0.00918987
0.0153155
0.00930237
0.0080071
0.00839445
0.00761074
0.0137381
0.00663985
0.00172174
0.00316903
0.00634378
0.0181112
0.00327238
0.0178133
0.00582855
0.00427493
0.00696616
0.00827701
0.00263047
0.00676724
0.00589303
0.0129185
0.00146941
0.00109512
0.00745101
0.0014979
0.00479254
0.0348748
0.00386834
0.0058786
0.00974229
0.00623668
0.00540483
0.0145572
0.00636238
0.00522601
0.00570291
0.0101928
0.00334067
0.00543069
0.00768135
0.00418245
0.00286739
0.0180437
0.0156084
0.00461283
0.00569482
0.0118676
0.00555715
0.0202809
0.0113522
0.0179192
0.00428542
0.0256053
0.00437533
0.00959265
0.0131687
0.0150665
0.0318404
0.00820732
0.00451661
0.0105996
0.0102512
0.0144217
0.00356497
0.00200895
0.00974704
0.00987683
0.00347145
0.0029647
0.0117271
0.00525504
0.000180875
0.0189621
0.00477225
0.0055105
0.0099865
0.00600057
0.00334628
0.00188009
0.00832293
0.00443166
0.00651191
0.00259856
0.0201435
0.0144368
0.00365426
0.00375969
0.00441557
0.00413594
0.00720375
0.00569215
0.00854123
0.00379128
0.00632037
0.0113544
0.00697614
0.00718687
0.0130091
0.00869851
0.00726397
0.0121693
0.0162144
0.0121731
0.00955338
0.0114317
0.00962725
0.00969768
0.00463895
0.0365249
0.00491684
0.00936566
0.00932735
0.0118085
0.0154332
0.00814743
0.00636348
0.00310818
0.00420155
0.011751
0.00617944
0.00847175
0.00656791
0.00980184
0.00605899
0.00764146
0.00494032
0.00213734
0.00588689
0.0155783
0.00390622
0.0107722
0.00672484
0.0101604
0.0048455
0.0269024
0.0105903
0.0308989
0.00569981
0.00536655
0.008978
0.00831203
0.0114431
0.0102812
0.0101769
0.0157287
0.0103383
0.0139811
0.00903356
0.00919008
0.0174789
0.00257692
0.0107803
0.0132907
0.0143867
0.00421454
0.00766792
0.00521163
0.0231005
0.00562713
0.00908874
0.010792
0.00696417
0.00933341
0.00554557
0.0151517
0.00315159
0.010193
0.0025536
0.00147635
0.00934326
0.0103996
0.00720554
0.00455611
0.0113005
0.00175437
0.00998635
0.00207087
0.0141688
0.00471236
0.00516162
0.00613114
0.0139214
0.00752639
0.00270605
0.00599002
0.00732603
0.0263506
0.023464
0.0140647
0.00272429
0.0153026
0.0139809
0.0110182
0.00636827
0.0186256
0.00822924
0.00337962
0.0224454
0.0168447
0.0144332
0.0104017
0.0157427
0.00380922
0.00816631
0.00364201
0.00344217
0.00828594
0.0240015
0.00230472
0.0187245
0.00961086
0.00390938
0.00669563
0.0316585
0.00463796
0.00387869
0.00540202
0.00338125
0.00588754
0.00582677
0.00712773
0.00460148
0.0087611
0.0165789
0.0027503
0.0155873
0.00220488
0.00377554
0.00591471
0.00419172
0.0224854
0.0137496
0.00160463
0.00513735
0.00495004
0.0061033
0.00903836
0.00528827
0.00740181
0.00666558
0.00595907
0.0189917
0.0243617
0.00729481
0.0187831
0.00369806
0.013241
0.00350519
0.00591487
0.0166189
0.00919227
0.0116262
0.0135758
0.00159307
0.00732327
0.00963968
0.00439819
0.00743902
0.00499596
0.0192682
0.0111084
0.00383007
0.024163
0.00611141
0.00331069
0.00292054
0.00151553
0.00460183
0.0180906
0.00239875
0.00239135
0.000851162
0.00704591
0.00170652
0.00822516
0.0135526
0.00238998
0.0129826
0.00439339
0.00986682
0.0128742
0.00787644
0.0139814
0.0258872
0.00226482
0.00545448
0.0165688
0.0165961
0.00554424
0.00585728
0.00531404
0.0138821
0.00723413
0.0109386
0.0140278
0.0155991
0.00550374
0.0234138
0.00972358
0.00993804
0.00435789
0.0028437
0.0147703
0.00501389
0.00372919
0.00696391
0.00623313
0.00846635
0.00994223
0.017363
0.00749786
0.00553327
0.00372209
0.0101165
0.0267222
0.00374619
0.00209375
0.00402847
0.00956921
0.00451105
0.00913186
0.00378077
0.0151255
0.00844391
0.00619871
0.00980741
0.00339867
0.00281474
0.0135902
0.00542526
0.0059064
0.0181786
0.00550367
0.00346172
0.00926946
0.0123635
0.00399528
0.0117836
0.0050608
0.00342164
0.0296736
0.0129584
0.00582114
0.003426
0.00813042
0.0419559
0.00280745
0.00727096
0.00653949
0.00994585
0.00247171
0.00603914
0.00663921
0.00404276
0.00519693
0.00769904
0.00963121
0.0192181
0.00988836
0.00473529
0.00857874
0.00864528
0.00327576
0.00748764
0.00911381
0.0160354
0.00445945
0.0234229
0.0040171
0.00556746
0.00413312
0.00225504
0.00358514
0.00519922
0.00656574
0.00470296
0.00439151
0.00533998
0.0051707
0.00793638
0.0334605
0.00466088
0.0100537
0.00424811
0.0174224
0.00627506
0.0156166
0.00784834
0.0112135
0.00935062
0.00337346
0.0162496
0.00547035
0.0186117
0.00666502
0.0181858
0.00552954
0.00506027
0.00569854
0.00465753
0.00631193
0.00166797
0.00395785
0.00696449
0.0157426
0.00266061
0.00579201
0.00732895
0.0128446
0.00398517
0.00782412
0.0214807
0.00586022
0.00320457
0.00483709
0.00381392
0.00369964
0.00429585
0.0139056
0.00328562
0.00393488
0.00754692
0.00340646
0.00808866
0.00279261
0.00473899
0.00399981
0.0184995
0.00631048
0.00218482
0.0120475
0.00495545
0.00360061
0.00929588
0.00565879
0.0088312
0.00886258
0.0108061
0.00630333
0.00507482
0.0150297
0.0100037
0.0108676
0.00332712
0.00819163
0.0102473
0.017563
0.00889654
0.00601994
0.00685969
0.007696
0.0139753
0.00895145
0.00303345
0.00517285
0.004553
0.00597913
0.0104971
0.00773746
0.0157684
0.00325663
0.00416522
0.00943241
0.0104849
0.0485947
0.00240653
0.0155622
0.00200708
0.00218711
0.00229828
0.0060572
0.00906643
0.00291763
0.00334212
0.00911066
0.00787331
0.00680962
0.00192782
0.0024812
0.0151616
0.00685754
0.00356246
0.00593111
0.00620345
0.0114596
0.00774661
0.00347506
0.00708937
0.00636756
0.00780169
0.0391994
0.0025092
0.00874282
0.00861458
0.00845249
0.00513532
0.00396289
0.00532934
0.0157369
0.0110055
0.00646057
0.00606437
0.00544267
0.0330735
0.00930554
0.0201681
0.00639231
0.00739126
0.0131674
0.00345604
0.00763519
0.00988649
0.00450403
0.00330458
0.0102478
0.00408525
0.00949977
0.0143164
0.00213756
0.00814242
0.00392399
0.0130369
0.00794503
0.00401846
0.0042223
0.00978742
0.00400614
0.00264285
0.0134801
0.00723082
0.00728136
0.00767666
0.00660349
0.00609895
0.00850064
0.00428828
0.0233062
0.00927414
0.02545
0.00895385
0.00806828
0.0164338
0.00861257
0.0197797
0.0137962
0.00424098
0.0186735
0.0306381
0.00389119
0.0069004
0.00467954
0.0102673
0.00431792
0.0160309
0.00154708
0.0027443
0.00602197
0.0204215
0.00696081
0.004841
0.00413068
0.0155128
0.00635259
0.0126648
0.00745152
0.00215738
0.00747275
0.00547157
0.00364212
0.00364707
0.00730479
0.00524568
0.0046654
0.00512034
0.00305818
0.00914128
0.00313014
0.0130849
0.00230789
0.00753016
0.00349502
0.00800701
0.00463654
0.0242645
0.0219508
0.00596283
0.0144544
0.00803249
0.020629
0.00948072
0.00969257
0.0155995
0.00422362
0.0158861
0.00347445
0.002437
0.00290988
0.0042865
0.0122081
0.00496672
0.0194484
0.0085826
0.0074876
0.00895434
0.00464953
0.0189461
0.0237257
0.00459967
0.0120397
0.0038756
0.0172245
0.0102353
0.00462935
0.0193642
0.00211728
0.00530144
0.0065379
0.0112578
0.0219785
0.00284678
0.0033942
0.0118701
0.00444534
0.00642389
0.00180416
0.00779319
0.00711412
0.00155367
0.00529814
0.00386572
0.00383582
0.00790814
0.00906635
0.00508768
0.0288339
0.0028744
0.00432482
0.0185439
0.006206
0.00612065
0.0177457
0.00558239
0.00795065
0.00214008
0.011878
0.0110727
0.00282497
0.0273907
0.00811083
0.0161634
0.00157932
0.00690561
0.017525
0.00786537
0.00414192
0.00825775
0.00642178
0.0037663
0.00326585
0.00979612
0.0033582
0.0092719
0.0099568
0.0109909
0.0116992
0.00442913
0.00582829
0.00179428
0.00423695
0.00293909
0.00626234
0.00287424
0.00910539
0.013275
0.00399559
0.00330288
0.00459491
0.0106429
0.0023311
0.00979127
0.00508986
0.00677185
0.0150146
0.00253197
0.00751712
0.00688929
0.00482435
0.0131858
0.00832428
0.0122089
0.0176421
0.00497363
0.0087748
0.00512122
0.0135132
0.00181886
0.0125912
0.00765429
0.00697812
0.0123292
0.00258808
0.0150551
0.00621336
0.00147835
0.01137
0.00202349
0.00462098
0.0265062
0.0050459
0.00283719
0.00834666
0.0068803
0.00761616
0.0326357
0.00710817
0.00451847
0.00482077
0.00311494
0.00676494
0.00136591
0.00459293
0.00170076
0.0091438
0.00520724
0.0117703
0.00434206
0.0128932
0.00546883
0.00754741
0.00600861
0.00526826
0.00301043
0.00964721
0.00930796
0.00513781
0.010595
0.00793287
0.0252315
0.00531535
0.0077629
0.00809867
0.00191462
0.0042576
0.0149309
0.00394838
0.0137413
0.00252107
0.00801948
0.0176223
0.0135892
0.0038229
0.0108862
0.0116836
0.00298341
0.0146799
0.00900998
0.00266885
0.0107506
0.0162398
0.00203129
0.0172685
0.00427683
0.00495097
0.00430627
0.00867549
0.00911592
0.0017303
0.00750916
0.00396008
0.0054705
0.00603659
0.00109314
0.0104446
0.00866475
0.00227623
0.0031936
0.013893
0.00746043
0.00849448
0.0100125
0.00436597
0.00544121
0.00894677
0.0052203
0.00258481
0.00451473
0.0152809
0.00571699
0.00991551
0.00869683
0.00461669
0.00438641
0.0133519
0.00991874
0.00178115
0.0140925
0.00530271
0.00580409
0.00789765
0.00575675
0.0117216
0.00731557
0.00217896
0.0118731
0.0180561
0.0119728
0.0134001
0.00184298
0.0112717
0.00399653
0.00462921
0.00753554
0.00904063
0.00292653
0.00724939
0.00548809
0.00482008
0.00305323
0.00619939
0.00900014
0.0115898
0.00391003
0.00665152
0.00584226
0.00201397
0.00816179
0.01002
0.00329355
0.00243506
0.0121934
0.00463341
0.00940519
0.00710954
0.00282715
0.0157554
0.0116719
0.00516486
0.00421433
0.0223732
0.00450297
0.0133087
0.00721547
0.00658461
0.0107517
0.00946435
0.00410724
0.00769843
0.00446179
0.0112759
0.0166879
0.00657929
0.0153656
0.0109004
0.00331361
0.0110439
0.00569453
0.00573945
0.0075655
0.00903159
0.00230319
0.0132098
0.00290539
0.00416259
0.003373
0.0046774
0.0131904
0.00719431
0.00352381
0.00687399
0.0032436
0.0119246
0.00282557
0.0123485
0.00587263
0.00369655
0.00702871
0.00334833
0.0114608
0.00581543
0.00249503
0.00782368
0.0151851
0.00481762
0.0319764
0.00624868
0.0168118
0.00693497
0.0148874
0.00286816
0.0102564
0.00514675
0.00418406
0.00432534
0.00552502
0.00312113
0.00654995
0.00798511
0.016874
0.012176
0.00801092
0.00564733
0.0193174
0.00561673
0.00682576
0.00107547
0.00602213
0.00466113
0.00702858
0.00414123
0.00793812
0.0098194
0.0112091
0.0156811
0.00696248
0.00645131
0.00345326
0.00851974
0.00474299
0.00372292
0.00239842
0.0304755
0.0130321
0.0165319
0.00235989
0.00316358
0.00814177
0.00252612
0.00454409
0.00348345
0.00682162
0.0101962
0.00535954
0.00345605
0.00902184
0.0142115
0.00383047
0.00762018
0.0053191
0.0140993
0.00712388
0.00269851
0.0226094
0.00693091
0.00512871
0.00640725
0.0258399
0.00752155
0.0181103
0.00476865
0.0196154
0.00104403
0.00549504
0.0192187
0.0128461
0.0032641
0.0115616
0.0034758
0.00720883
0.00798346
0.0117684
0.00966205
0.00772743
0.0116123
0.00593566
0.00736754
0.00526504
0.00242889
0.00286683
0.00416856
0.0121537
0.00378577
0.0191682
0.00955334
0.00626396
0.00916141
0.00530997
0.0101157
0.00520504
0.00477395
0.0112158
0.00841564
0.0249484
0.00502898
0.00780893
0.00161301
0.0077503
0.00837814
0.00904994
0.0047523
0.00274477
0.0140839
0.0144442
0.00712664
0.0166209
0.00944778
0.00391926
0.00562275
0.0141476
0.013295
0.0106156
0.0155294
0.0138636
0.0128097
0.00350579
0.0124253
0.0106629
0.0115956
0.0167476
0.00484145
0.00787017
0.0357094
0.00585773
0.0189299
0.0114929
0.0115622
0.00712878
0.0101387
0.00494402
0.00976211
0.00850709
0.0130362
0.00931284
0.0184083
0.0121492
0.00617578
0.00459871
0.00418221
0.0124377
0.0104721
0.00922558
0.00952771
0.00601043
0.00827177
0.0163185
0.00438998
0.00422889
0.0134827
0.0187209
0.00379721
0.0121914
0.0150722
0.00601761
0.027095
0.00582607
0.00683147
0.0153735
0.00526565
0.0109854
0.015188
0.0104697
0.00737562
0.00748905
0.0179031
0.0160284
0.00235127
0.00466111
0.0135318
0.0153512
0.00561806
0.00895737
0.0120038
0.007251
0.00703707
0.00299879
0.00761032
0.00257238
0.0220242
0.00442975
0.0132692
0.00319502
0.00906732
0.00788004
0.00794987
0.00258426
0.00158443
0.00317637
0.00456505
0.00279277
0.00539492
