0.043547	0.0175814	
0.0560375	0.00991327	
0.0499633	0.0269516	
0.0408011	0.0380636	
0.0366831	0.0417028	
0.0286936	0.0483757	
0.0198777	0.0544792	
0.0133987	0.0571141	
0.0097895	0.0584276	
0.00680329	0.0590471	
0.00520528	0.0586223	
0.00407475	0.0573444	
0.00327872	0.0575369	
0.00408203	0.056836	
0.00307034	0.0574017	
0.00387804	0.0567742	
0.00313179	0.0561587	
0.0034677	0.0554684	
0.00333416	0.0556664	
0.00299164	0.0551351	
0.00269608	0.0546641	
0.00353772	0.0542863	
0.00457101	0.0536133	
0.00371132	0.0535717	
0.00370608	0.0532397	
0.00360865	0.0533403	
0.00400382	0.0524601	
0.0039304	0.0528219	
0.00380146	0.0539107	
0.003498	0.0539484	
0.00335064	0.0542001	
0.00377693	0.0545261	
0.00343917	0.0545751	
0.00266694	0.0554056	
0.00388818	0.0569912	
0.00521221	0.0580111	
0.00599086	0.0576969	
0.0312807	0.032349	
0.00543883	0.0574808	
0.00503359	0.0579796	
0.00904578	0.0586866	
0.0105448	0.0590363	
0.0132581	0.0576339	
0.0157513	0.056704	
0.0265822	0.0514556	
0.0462174	0.0360578	
0.0565034	0.0232269	
0.0577899	0.0127778	
0.0561907	0.0119393	
0.0556706	0.0120074	
0.0555389	0.0116657	
0.055637	0.0117057	
0.0568659	0.01202	
0.0569737	0.0120564	
0.0589584	0.0132672	
0.055336	0.024799	
0.0506675	0.0309428	
0.0278688	0.0496076	
0.0245626	0.0515233	
0.0282336	0.0496905	
0.0406437	0.040881	
0.052145	0.0285558	
0.0589637	0.0150317	
0.0570824	0.0144486	
0.0587074	0.0135216	
0.0573778	0.0138185	
0.0569128	0.0135838	
0.0582396	0.0135824	
0.0493429	0.031578	
0.0347313	0.0455766	
0.0271338	0.0506797	
0.0264881	0.0510067	
0.0194913	0.0551993	
0.0153007	0.05726	
0.0151611	0.0572775	
0.019476	0.053663	
0.0274298	0.0492003	
0.0320849	0.0469772	
0.0290842	0.0490722	
0.037671	0.0421172	
0.055109	0.0228022	
0.05753	0.017628	
0.0572719	0.0174656	
0.0577204	0.017438	
0.0582402	0.0153485	
0.058591	0.0171771	
0.058694	0.0182746	
0.0553589	0.0247315	
0.0528862	0.028022	
0.0396912	0.039619	
0.0555556	0.0246539	
0.0593633	0.0151088	
0.0591013	0.0138995	
0.0597408	0.0140335	
0.0564534	0.0254172	
0.0565768	0.0253264	
0.0602672	0.0172202	
0.0560165	0.0249079	
0.0601206	0.0162142	
0.0576108	0.010794	
0.0568288	0.0106974	
0.0567343	0.0106092	
0.0567206	0.0105956	
0.0570762	0.0104706	
0.0572569	0.0104631	
0.057205	0.0104013	
0.0577778	0.0103941	
0.0593662	0.0114665	
0.0614439	0.0141611	
0.0523452	0.0263884	
0.0411483	0.0386207	
0.0384431	0.0419831	
0.0348462	0.0454407	
0.0322732	0.0482096	
0.0303985	0.0495685	
0.031311	0.0480571	
0.0328405	0.0478778	
0.0315385	0.049202	
0.0299712	0.0506673	
0.0330638	0.0483712	
0.0372009	0.0442175	
0.0389678	0.0437997	
0.0393064	0.0432591	
0.0386942	0.0435848	
0.0387097	0.043588	
0.0383807	0.0430068	
0.0394906	0.0401896	
0.0427353	0.038177	
0.0446686	0.0346999	
0.0473835	0.0354141	
0.0485078	0.0369326	
0.0367926	0.0467063	
0.0343824	0.0480667	
0.0375878	0.0458885	
0.0422647	0.041859	
0.0479631	0.0371419	
0.0520674	0.0326002	
0.0515467	0.0331197	
0.0532792	0.0309535	
0.0539298	0.029915	
0.0530401	0.0292481	
0.0515237	0.030758	
0.0545702	0.0279688	
0.0542601	0.0290357	
0.0558724	0.0247174	
0.0566464	0.024883	
0.0558764	0.0264578	
0.0570531	0.0248937	
0.0576495	0.0252546	
0.0609915	0.0193781	
0.0606302	0.0207522	
0.0607185	0.0207705	
0.0624655	0.0171775	
0.0632962	0.0162653	
0.0633654	0.0154995	
0.0576607	0.0242142	
0.0506043	0.0345303	
0.0581112	0.0238318	
0.0533411	0.024712	
0.0492627	0.0281002	
0.0496897	0.0298364	
0.0553984	0.0250805	
0.0600824	0.0193722	
0.0606524	0.0192525	
0.0615364	0.0179845	
0.0623258	0.0176067	
0.0624236	0.0168071	
0.0626973	0.0173034	
0.0628715	0.0159589	
0.061589	0.0193257	
0.0600516	0.0212394	
0.0604427	0.0206859	
0.0585879	0.0204251	
0.0532772	0.0247406	
0.0579154	0.0227488	
0.061051	0.0203749	
0.0607492	0.0211036	
0.0566232	0.0238303	
0.053368	0.0292995	
0.0551054	0.0293998	
0.0547879	0.0302862	
0.0526425	0.0329392	
0.048329	0.037349	
0.0486459	0.03569	
0.0503408	0.0340088	
0.047756	0.0349422	
0.0415419	0.0418049	
0.0386684	0.0435391	
0.0375875	0.0458412	
0.0451238	0.0384892	
0.0461337	0.0380802	
0.0460726	0.0370992	
0.045805	0.0355125	
0.0444262	0.0361622	
0.0463283	0.0367987	
0.0422681	0.0404865	
0.0386015	0.0436763	
0.0386478	0.0431855	
0.0407965	0.0397793	
0.0416603	0.0411447	
0.0419818	0.041706	
0.0352591	0.0474055	
0.0347184	0.0477359	
0.0370202	0.0458866	
0.0369108	0.0455026	
0.0377681	0.0447567	
0.0336511	0.0480764	
0.0289343	0.0515918	
0.0299327	0.0504209	
0.0299466	0.0499447	
0.0304547	0.0502908	
0.027761	0.0528068	
0.0267888	0.0533862	
0.0290302	0.0517479	
0.0294475	0.0517553	
0.0339054	0.0488158	
0.0389523	0.0447817	
0.0426526	0.0410941	
0.0403938	0.0428754	
0.0370395	0.0454972	
0.04252	0.0396239	
0.0362681	0.0449733	
0.0336537	0.0480619	
0.031786	0.0494262	
0.035968	0.0459008	
0.0365955	0.045055	
0.0415203	0.0403243	
0.05471	0.0261376	
0.0569343	0.0235541	
0.0571836	0.0234377	
0.0557262	0.0254701	
0.0537465	0.0283451	
0.0525747	0.0302474	
0.0495523	0.0339343	
0.0427415	0.0412074	
0.0352067	0.046946	
0.027325	0.0499228	
0.018662	0.0527221	
0.0152874	0.0567895	
0.016239	0.0569919	
0.0175561	0.0568285	
0.0189676	0.0558932	
0.0197884	0.0544184	
0.0221587	0.0530183	
0.0245329	0.0441	
0.023668	0.0499204	
0.0235259	0.0514313	
0.021287	0.0522402	
0.0194332	0.0538155	
0.0152122	0.0563731	
0.0169843	0.0547297	
0.0166343	0.0543584	
0.0143613	0.0568493	
0.0117896	0.0580509	
0.0122904	0.0574646	
0.0120314	0.0573906	
0.0146184	0.0538082	
0.0217652	0.0463672	
0.0217853	0.0520444	
0.0197737	0.0537965	
0.0202713	0.0539896	
0.0252171	0.050502	
0.0206678	0.0519353	
0.0214777	0.0502491	
0.0273787	0.0468911	
0.0259417	0.05023	
0.0321518	0.0490256	
0.0362089	0.0465233	
0.0387519	0.0449221	
0.0409874	0.04265	
0.028536	0.0528438	
0.0328074	0.0497592	
0.0487106	0.031912	
0.054672	0.0277235	
0.0534945	0.030062	
0.0522432	0.0299838	
0.0504079	0.0286805	
0.0546449	0.0262993	
0.0506438	0.031274	
0.0495548	0.0330394	
0.0445289	0.0388878	
0.0461308	0.0362793	
0.0469943	0.0349963	
0.0472972	0.0342944	
0.0503173	0.0300621	
0.0498047	0.0305694	
0.0456934	0.0323153	
0.047355	0.0301449	
0.0581217	0.022266	
0.055733	0.0273163	
0.0519477	0.0332441	
0.0431679	0.0414885	
0.0393497	0.0441139	
0.03878	0.0448072	
0.0474511	0.0376998	
0.0529128	0.032217	
0.0486643	0.0367607	
0.0426332	0.0421665	
0.0444508	0.0406461	
0.0493245	0.0351519	
0.0494671	0.0349206	
0.0518147	0.0324027	
0.0520582	0.0322419	
0.0573084	0.0276641	
0.064062	0.014128	
0.0622291	0.0107982	
0.0604701	0.0110588	
0.0598792	0.0110163	
0.060739	0.0118666	
0.0613777	0.0116759	
0.0621409	0.0130882	
0.0618516	0.0181738	
0.0578432	0.0259491	
0.0611263	0.0198202	
0.0602062	0.0207168	
0.0560389	0.0271363	
0.0593361	0.0230278	
0.0594744	0.0231087	
0.0509723	0.0332692	
0.0541368	0.0285997	
0.0608894	0.0165321	
0.0608654	0.0147596	
0.0603799	0.0123369	
0.0595541	0.0112227	
0.0592112	0.0114051	
0.0589846	0.0112001	
0.058499	0.0106156	
0.0591122	0.011057	
0.0599018	0.0113144	
0.0608117	0.0128215	
0.0584548	0.0207187	
0.0561301	0.0261266	
0.0553328	0.0270123	
0.0537664	0.0288082	
0.0534466	0.0297405	
0.0453524	0.0382925	
0.0436081	0.0395321	
0.043398	0.0399258	
0.02782	0.0478215	
0.0264101	0.0496677	
0.0278743	0.0509486	
0.0271946	0.0511435	
0.0289671	0.0498214	
0.0358251	0.045151	
0.0482656	0.0337728	
0.0431094	0.0393903	
0.0426748	0.039275	
0.0547751	0.0249889	
0.0535193	0.0273257	
0.0465891	0.0357337	
0.0410104	0.0401053	
0.0472031	0.0344738	
0.0352479	0.0450796	
0.0422447	0.0399052	
0.0479282	0.0342117	
0.0509576	0.030379	
0.0540963	0.0263161	
0.0495363	0.0313661	
0.0421134	0.0379784	
0.0491548	0.0301699	
0.0585287	0.0120147	
0.0568666	0.010307	
0.0563717	0.0103214	
0.0566304	0.0102506	
0.0576828	0.0102279	
0.0589449	0.0104628	
0.0591314	0.0108133	
0.0599238	0.0114894	
0.0602139	0.0115185	
0.0608095	0.0117094	
0.0613674	0.011272	
0.0613386	0.0140625	
0.0527248	0.0292426	
0.0428359	0.0394404	
0.0385624	0.0426736	
0.0395051	0.0410517	
0.0374588	0.0435971	
0.0382225	0.0431536	
0.0347597	0.0453063	
0.0393144	0.0424792	
0.0296719	0.050336	
0.0221419	0.0541383	
0.0173801	0.0562489	
0.0202677	0.054864	
0.0186073	0.0556272	
0.0127671	0.0579521	
0.00937144	0.0582358	
0.00899366	0.0584092	
0.00774073	0.0577824	
0.00719097	0.0567292	
0.00687854	0.0579026	
0.00718097	0.0582537	
0.00964886	0.057325	
0.0121366	0.0561316	
0.0119736	0.0568986	
0.0144578	0.0565136	
0.0165866	0.055809	
0.0191838	0.0547688	
0.0380436	0.0423428	
0.0441516	0.0380541	
0.0497464	0.0323345	
0.0509472	0.0308602	
0.0513084	0.030155	
0.0451413	0.0350247	
0.0250459	0.0510168	
0.0130645	0.0582172	
0.00985641	0.0590411	
0.0104732	0.0576478	
0.0100212	0.0573961	
0.0115912	0.0572014	
0.00984372	0.0564176	
0.0068004	0.0564874	
0.00523056	0.0571952	
0.00599868	0.0576058	
0.00706495	0.0571359	
0.00383277	0.0572432	
0.00405093	0.0570622	
0.00408347	0.0574083	
0.00418013	0.0569875	
0.004373	0.0546441	
0.00264071	0.0539834	
0.0017198	0.0553088	
0.00304965	0.0549929	
0.00368877	0.0555176	
0.00330157	0.0557401	
0.0022351	0.0558771	
0.0036385	0.0544234	
0.00187804	0.0550009	
0.00267731	0.0550333	
0.00250517	0.0543788	
0.00285616	0.052782	
0.00333834	0.0542436	
0.00324882	0.0542285	
0.00373529	0.0528346	
0.00353857	0.0544759	
0.00425952	0.0554953	
0.00590931	0.056781	
0.00642417	0.0571015	
0.00699143	0.056885	
0.00642755	0.0574143	
0.00886201	0.0567087	
0.015023	0.0543032	
0.0183844	0.0522845	
0.0220766	0.0495529	
0.0247245	0.0474796	
0.027487	0.0449276	
0.0289435	0.0439994	
0.0303506	0.0437711	
0.0319856	0.0409966	
0.0373367	0.0364946	
0.0451224	0.0276004	
0.0459959	0.0237565	
0.0474564	0.0226084	
0.04851	0.0225178	
0.0497093	0.0206821	
0.0505578	0.020414	
0.0507386	0.0204814	
0.0514165	0.0206194	
0.0521229	0.0202535	
0.0533807	0.0197526	
0.053648	0.0212043	
0.0528061	0.0250814	
0.0491562	0.0288154	
0.0505847	0.0291642	
0.0519549	0.0274264	
0.0496065	0.0297357	
0.0490636	0.0313319	
0.0444605	0.0329141	
0.0442262	0.0351316	
0.0451415	0.0321433	
0.0450565	0.0322207	
0.0422469	0.0310574	
0.0419527	0.0303112	
0.0414969	0.0358013	
0.0393598	0.0404285	
0.0398034	0.0406122	
0.0414539	0.0377277	
0.0480918	0.0336236	
0.048336	0.0338431	
0.0515965	0.03084	
0.05201	0.0298099	
0.0502741	0.0294378	
0.0491367	0.0304355	
0.0545699	0.0254416	
0.0577731	0.020543	
0.0594052	0.0164513	
0.0557099	0.0192045	
0.0576664	0.0189776	
0.0573749	0.0175542	
0.056721	0.0177685	
0.0555483	0.0172103	
0.0538903	0.0172067	
0.0544607	0.0163873	
0.0545617	0.0145699	
0.0545672	0.012872	
0.0535089	0.0131724	
0.0526805	0.0143309	
0.0523234	0.0135865	
0.0506803	0.0158768	
0.0402725	0.0268148	
0.0313153	0.0386945	
0.0263497	0.0449533	
0.0218313	0.0491445	
0.019498	0.0505123	
0.0183425	0.0537335	
0.0190485	0.0529157	
0.0235626	0.0508153	
0.0280578	0.0488136	
0.0202274	0.0539494	
0.0273322	0.048914	
0.0429003	0.0376238	
0.0559908	0.0230669	
0.0587916	0.017494	
0.0594308	0.0125242	
0.0588581	0.01142	
0.0591411	0.0120332	
0.0585224	0.0124943	
0.0589391	0.0130001	
0.0593995	0.0138708	
0.0583179	0.0175219	
0.0440588	0.0347148	
0.0329167	0.0454047	
0.0233927	0.0523035	
0.0150166	0.0551481	
0.0111208	0.0574259	
0.00967181	0.0582737	
0.0100085	0.0582997	
0.00899817	0.0584898	
0.00965539	0.0581263	
0.0111725	0.0574905	
0.0136002	0.0565257	
0.0165251	0.0544193	
0.0160853	0.0546765	
0.00883101	0.0588862	
0.00508633	0.0590885	
0.00463182	0.0591613	
0.0055791	0.0585974	
0.00455907	0.058942	
0.00420652	0.0590396	
0.00487066	0.0584879	
0.00464842	0.0583623	
0.00463297	0.0572151	
0.00444467	0.0582579	
0.00365702	0.0583959	
0.00387177	0.0584585	
0.00371106	0.0583855	
0.00694177	0.0555043	
0.0100552	0.0534359	
0.00909435	0.0545736	
0.00869955	0.0559175	
0.00834268	0.0562603	
0.00799874	0.0563582	
0.00751293	0.0565433	
0.00681459	0.0563654	
0.00763849	0.0542365	
0.00927197	0.0531818	
0.0111475	0.0529769	
0.00949803	0.0577722	
0.00780081	0.0594238	
0.0078406	0.0600451	
0.00871335	0.05912	
0.00847903	0.059427	
0.012053	0.0594475	
0.0193935	0.0558133	
0.0274986	0.0482634	
0.0327696	0.0473624	
0.0303188	0.0493195	
0.0323442	0.0479504	
0.0293899	0.050675	
0.0252182	0.0532432	
0.0290063	0.0500363	
0.0240525	0.0525464	
0.0202122	0.0551441	
0.0265119	0.0494083	
0.0317529	0.0484998	
0.0286486	0.0517115	
0.0392383	0.0429185	
0.031168	0.0473804	
0.0355245	0.0439637	
0.0507134	0.0324442	
0.0519531	0.0315535	
0.0542902	0.0260355	
0.0561545	0.0198934	
0.0542679	0.0123716	
