#chro	start	end	|diff|	pval	padj
19	11200000	11300000	0.348632	0.00040875	0.00728988	
19	11300000	11400000	0.28129	0.0098437	0.0120926	
19	11800000	11900000	0.39926	1.98239e-05	0.00454545	
19	14000000	14100000	0.420117	4.85022e-06	0.00360206	
19	14100000	14200000	0.484794	3.3669e-08	0.0016295	
19	14200000	14300000	0.427438	2.89337e-06	0.00334477	
19	14300000	14400000	0.433218	1.90843e-06	0.00300172	
19	14500000	14600000	0.339063	0.000680892	0.00789022	
19	14600000	14700000	0.396647	2.34905e-05	0.00488851	
19	14700000	14800000	0.284057	0.0087996	0.0116638	
19	14800000	14900000	0.302459	0.00401065	0.0103774	
19	15000000	15100000	0.30069	0.00433837	0.0104631	
19	15100000	15200000	0.406598	1.22108e-05	0.0042024	
19	15200000	15300000	0.399509	1.95039e-05	0.00445969	
19	15300000	15400000	0.3901	3.57076e-05	0.00497427	
19	15400000	15500000	0.402751	1.57653e-05	0.00428816	
19	15500000	15600000	0.360414	0.000212306	0.00626072	
19	15900000	16000000	0.324766	0.00140756	0.00866209	
19	16000000	16100000	0.276319	0.0119924	0.0124357	
19	16400000	16500000	0.38753	4.19784e-05	0.00523156	
19	16500000	16600000	0.32517	0.00137976	0.00857633	
19	16600000	16700000	0.417632	5.76452e-06	0.00377358	
19	16700000	16800000	0.441871	1.00965e-06	0.00274443	
19	16800000	16900000	0.324679	0.00141357	0.00874786	
19	17100000	17200000	0.35767	0.00024796	0.00634648	
19	17600000	17700000	0.28348	0.00900899	0.0119211	
19	18600000	18700000	0.36148	0.000199796	0.00617496	
19	18900000	19000000	0.318403	0.00191773	0.00900515	
19	19000000	19100000	0.338141	0.00071448	0.00797599	
19	21600000	21700000	0.413017	7.91582e-06	0.00394511	
19	21700000	21800000	0.371323	0.000112724	0.00574614	
19	21800000	21900000	0.28559	0.00826402	0.0113208	
19	21900000	22000000	0.322329	0.00158614	0.00891938	
19	22000000	22100000	0.389177	3.78499e-05	0.00506003	
19	22100000	22200000	0.361571	0.000198764	0.00608919	
19	22200000	22300000	0.397227	2.26244e-05	0.00471698	
19	22300000	22400000	0.445951	7.43635e-07	0.00248714	
19	22400000	22500000	0.529802	6.15346e-10	0.000943396	
19	22500000	22600000	0.51503	2.40446e-09	0.00128645	
19	22600000	22700000	0.557447	4.2162e-11	0.000686106	
19	22700000	22800000	0.477794	6.02713e-08	0.00171527	
19	22800000	22900000	0.306274	0.00337777	0.00986278	
19	22900000	23000000	0.290878	0.00663003	0.0109777	
19	23000000	23100000	0.613746	1.06119e-13	0.00051458	
19	23100000	23200000	0.552578	6.84385e-11	0.00077187	
19	23200000	23300000	0.412472	8.21552e-06	0.00403087	
19	23400000	23500000	0.315152	0.00223872	0.00926244	
19	23500000	23600000	0.28517	0.00840768	0.0114065	
19	23600000	23700000	0.308389	0.00306714	0.00969125	
19	23700000	23800000	0.307457	0.00320067	0.00977702	
19	23900000	24000000	0.315486	0.0022036	0.00917667	
19	24000000	24100000	0.415398	6.7251e-06	0.00385935	
19	24100000	24200000	0.473727	8.4116e-08	0.00180103	
19	24200000	24300000	0.473123	8.83576e-08	0.00188679	
19	24500000	24600000	0.279003	0.0107865	0.0123499	
19	24700000	24800000	0.32769	0.00121755	0.0084048	
19	24900000	25000000	0.377604	7.73916e-05	0.00566038	
19	25100000	25200000	0.314716	0.00228535	0.00943396	
19	25200000	25300000	0.345228	0.000491213	0.00754717	
19	25300000	25400000	0.362832	0.00018492	0.00591767	
19	25400000	25500000	0.455028	3.71657e-07	0.00222985	
19	25500000	25600000	0.449915	5.50516e-07	0.00231561	
19	25600000	25700000	0.293377	0.0059626	0.0108062	
19	26100000	26200000	0.275207	0.0125256	0.0125214	
19	26200000	26300000	0.355988	0.000272495	0.00643225	
19	26300000	26400000	0.443705	8.80365e-07	0.0025729	
19	26400000	26500000	0.505509	5.64195e-09	0.00145798	
19	26500000	26600000	0.443606	8.86919e-07	0.00265866	
19	26600000	26700000	0.287817	0.0075372	0.0111492	
19	26700000	26800000	0.388413	3.97158e-05	0.0051458	
19	26800000	26900000	0.549635	9.14923e-11	0.000857633	
19	26900000	27000000	0.699806	2.87612e-18	8.57633e-05	
19	27000000	27100000	0.67206	1.02288e-16	0.000171527	
19	27100000	27200000	0.653575	1.00367e-15	0.000343053	
19	27200000	27300000	0.520951	1.40057e-09	0.00111492	
19	27300000	27400000	0.334497	0.00086264	0.00814751	
19	27500000	27600000	0.506273	5.27234e-09	0.00137221	
19	27600000	27700000	0.432489	2.01202e-06	0.00317324	
19	27700000	27800000	0.518357	1.77638e-09	0.00120069	
19	27800000	27900000	0.448563	6.10186e-07	0.00240137	
19	27900000	28000000	0.35534	0.000282524	0.00660377	
19	28000000	28100000	0.407485	1.15073e-05	0.00411664	
19	28100000	28200000	0.37955	6.87594e-05	0.00557461	
19	28200000	28300000	0.643279	3.46445e-15	0.000428816	
19	28300000	28400000	0.664535	2.6157e-16	0.00025729	
19	28400000	28500000	0.605722	2.60013e-13	0.000600343	
19	28500000	28600000	0.345753	0.000477566	0.00746141	
19	28600000	28700000	0.284278	0.00872067	0.0114923	
19	28800000	28900000	0.291177	0.00654696	0.0108919	
19	28900000	29000000	0.303337	0.00385614	0.0102058	
19	29000000	29100000	0.352399	0.000332579	0.00703259	
19	29100000	29200000	0.381592	6.06832e-05	0.00548885	
19	29200000	29300000	0.315062	0.00224824	0.0093482	
19	29300000	29400000	0.29053	0.00672809	0.0110635	
19	29500000	29600000	0.355979	0.00027263	0.00651801	
19	29600000	29700000	0.433135	1.91987e-06	0.00308748	
19	29700000	29800000	0.385694	4.70826e-05	0.00531732	
19	29800000	29900000	0.353196	0.000318263	0.00694683	
19	29900000	30000000	0.317529	0.00199967	0.00909091	
19	30000000	30100000	0.295395	0.00546765	0.0106346	
19	30100000	30200000	0.347318	0.000438941	0.00737564	
19	30600000	30700000	0.287783	0.00754775	0.011235	
19	30700000	30800000	0.299514	0.00456944	0.0105489	
19	30800000	30900000	0.397042	2.28978e-05	0.00480274	
19	30900000	31000000	0.45624	3.38305e-07	0.00214408	
19	31200000	31300000	0.52805	7.25127e-10	0.00102916	
19	31300000	31400000	0.495971	1.29937e-08	0.00154374	
19	31400000	31500000	0.424852	3.47727e-06	0.00343053	
19	31500000	31600000	0.435858	1.57421e-06	0.00291595	
19	31600000	31700000	0.368085	0.000136389	0.0058319	
19	32100000	32200000	0.30418	0.00371301	0.00994854	
19	32200000	32300000	0.41847	5.43918e-06	0.00368782	
19	32300000	32400000	0.341564	0.000596984	0.0077187	
19	32400000	32500000	0.283558	0.0089805	0.0118353	
19	32500000	32600000	0.303937	0.00375385	0.0100343	
19	32600000	32700000	0.362724	0.000186063	0.00600343	
19	32700000	32800000	0.381615	6.05972e-05	0.00540309	
19	37400000	37500000	0.399984	1.89083e-05	0.00437393	
19	37500000	37600000	0.284255	0.00872865	0.011578	
19	38000000	38100000	0.279267	0.0106739	0.0122642	
19	53000000	53100000	0.329825	0.00109399	0.00823328	
19	56000000	56100000	0.35105	0.000358205	0.00711835	
19	57700000	57800000	0.303225	0.00387556	0.0102916	
19	57800000	57900000	0.353733	0.000308942	0.00686106	
19	57900000	58000000	0.342094	0.000580492	0.00763293	
19	58000000	58100000	0.339812	0.000654692	0.00780446	
19	58100000	58200000	0.424319	3.61089e-06	0.0035163	
19	58200000	58300000	0.458981	2.73223e-07	0.00205832	
19	58300000	58400000	0.399092	2.00416e-05	0.00463122	
19	58400000	58500000	0.308807	0.00300892	0.00960549	
19	58500000	58600000	0.310816	0.00274249	0.00951973	
19	58600000	58700000	0.328273	0.00118259	0.00831904	
19	58700000	58800000	0.354012	0.00030419	0.0067753	
19	59600000	59700000	0.280701	0.0100794	0.0121784	
19	59700000	59800000	0.325942	0.00132809	0.00849057	
19	59800000	59900000	0.439065	1.24344e-06	0.00283019	
19	59900000	60000000	0.354374	0.000298142	0.00668954	
19	60000000	60100000	0.282209	0.00948555	0.0120069	
19	61100000	61200000	0.335817	0.000805972	0.00806175	
19	61200000	61300000	0.431129	2.21998e-06	0.00325901	
19	61300000	61400000	0.463668	1.88862e-07	0.00197256	
