#chro	start	end	|diff|	pval	padj
19	14000000	14100000	0.121882	0.000126938	0.00548885	
19	14100000	14200000	0.112352	0.000515009	0.00651801	
19	14200000	14300000	0.105481	0.00130186	0.00720412	
19	14300000	14400000	0.10299	0.00179133	0.00797599	
19	14400000	14500000	0.102274	0.00196036	0.00806175	
19	14500000	14600000	0.0935813	0.00552036	0.00986278	
19	14600000	14700000	0.0998944	0.00263086	0.00857633	
19	14700000	14800000	0.104545	0.00146919	0.00763293	
19	14800000	14900000	0.113747	0.000423031	0.00626072	
19	14900000	15000000	0.117885	0.000232123	0.00591767	
19	15000000	15100000	0.115565	0.000325978	0.00608919	
19	15100000	15200000	0.146333	1.88848e-06	0.00291595	
19	15200000	15300000	0.170404	1.25017e-08	0.00120069	
19	15300000	15400000	0.170069	1.34864e-08	0.00128645	
19	15400000	15500000	0.176003	3.43187e-09	0.000943396	
19	15500000	15600000	0.142255	4.05341e-06	0.00325901	
19	15600000	15700000	0.109671	0.000745542	0.00668954	
19	15700000	15800000	0.0966456	0.00387993	0.00917667	
19	16000000	16100000	0.0936915	0.00545204	0.00977702	
19	16100000	16200000	0.0976761	0.00343572	0.00883362	
19	16200000	16300000	0.0934919	0.00557631	0.00994854	
19	16300000	16400000	0.0918769	0.00667782	0.0100343	
19	16400000	16500000	0.09078	0.00753169	0.0102916	
19	16700000	16800000	0.0970472	0.00370106	0.00909091	
19	16800000	16900000	0.0892131	0.00891783	0.0105489	
19	17100000	17200000	0.0917517	0.00677078	0.0101201	
19	17500000	17600000	0.100387	0.00247708	0.0084048	
19	17600000	17700000	0.105019	0.00138206	0.00737564	
19	17700000	17800000	0.103226	0.00173869	0.00780446	
19	17800000	17900000	0.0885255	0.00959346	0.0109777	
19	18600000	18700000	0.0972688	0.00360551	0.00900515	
19	18800000	18900000	0.103031	0.00178217	0.00789022	
19	18900000	19000000	0.136469	1.14797e-05	0.00403087	
19	19000000	19100000	0.158493	1.66974e-07	0.0016295	
19	19100000	19200000	0.122829	0.00010965	0.00523156	
19	20300000	20400000	0.112728	0.000488552	0.00643225	
19	20400000	20500000	0.0939208	0.00531234	0.00969125	
19	20700000	20800000	0.101263	0.00222354	0.00814751	
19	20800000	20900000	0.172028	8.63389e-09	0.00102916	
19	20900000	21000000	0.140307	5.78738e-06	0.00368782	
19	21000000	21100000	0.128462	4.46435e-05	0.00428816	
19	21100000	21200000	0.124201	8.84825e-05	0.00497427	
19	21200000	21300000	0.135046	1.47143e-05	0.00411664	
19	21300000	21400000	0.171935	8.81962e-09	0.00111492	
19	21400000	21500000	0.211633	3.00182e-13	0.000428816	
19	21500000	21600000	0.180254	1.24595e-09	0.000686106	
19	21600000	21700000	0.154522	3.77865e-07	0.00188679	
19	21700000	21800000	0.164438	4.70391e-08	0.00145798	
19	21800000	21900000	0.176555	3.01331e-09	0.00077187	
19	21900000	22000000	0.259271	5.40591e-20	0.00025729	
19	22000000	22100000	0.272224	4.33457e-22	0.000171527	
19	22100000	22200000	0.287989	8.59733e-25	8.57633e-05	
19	22200000	22300000	0.247005	4.11432e-18	0.000343053	
19	22300000	22400000	0.181821	8.51576e-10	0.00051458	
19	22400000	22500000	0.1806	1.14593e-09	0.000600343	
19	22500000	22600000	0.16785	2.21912e-08	0.00137221	
19	22600000	22700000	0.142289	4.02846e-06	0.00317324	
19	22700000	22800000	0.140035	6.07918e-06	0.00377358	
19	22800000	22900000	0.14915	1.09823e-06	0.00248714	
19	22900000	23000000	0.147549	1.49677e-06	0.00265866	
19	23000000	23100000	0.147372	1.54839e-06	0.00274443	
19	23100000	23200000	0.161762	8.37461e-08	0.00154374	
19	23200000	23300000	0.156652	2.4454e-07	0.00171527	
19	23600000	23700000	0.127689	5.06426e-05	0.00445969	
19	23700000	23800000	0.125625	7.06113e-05	0.00471698	
19	23800000	23900000	0.107143	0.0010468	0.00703259	
19	23900000	24000000	0.126178	6.46365e-05	0.00463122	
19	24000000	24100000	0.152562	5.6054e-07	0.00205832	
19	24100000	24200000	0.146367	1.87645e-06	0.00283019	
19	24200000	24300000	0.148846	1.16498e-06	0.0025729	
19	24300000	24400000	0.0961358	0.00411818	0.00926244	
19	24400000	24500000	0.095677	0.00434373	0.00943396	
19	24500000	24600000	0.108404	0.000884802	0.00686106	
19	24600000	24700000	0.124906	7.91525e-05	0.00480274	
19	24700000	24800000	0.12478	8.07469e-05	0.00488851	
19	24800000	24900000	0.151283	7.22771e-07	0.00222985	
19	24900000	25000000	0.176448	3.09049e-09	0.000857633	
19	25000000	25100000	0.140784	5.3061e-06	0.00360206	
19	25100000	25200000	0.143239	3.37916e-06	0.00300172	
19	25200000	25300000	0.141227	4.89464e-06	0.00334477	
19	25300000	25400000	0.123437	9.97372e-05	0.0051458	
19	25400000	25500000	0.141139	4.97381e-06	0.00343053	
19	25500000	25600000	0.154895	3.50332e-07	0.00180103	
19	25600000	25700000	0.142749	3.70043e-06	0.00308748	
19	26300000	26400000	0.0939281	0.00530796	0.00960549	
19	28800000	28900000	0.100128	0.00255688	0.00849057	
19	29000000	29100000	0.106175	0.00118913	0.00711835	
19	29100000	29200000	0.128075	4.75616e-05	0.00437393	
19	29200000	29300000	0.0995194	0.00275365	0.00866209	
19	29300000	29400000	0.0885647	0.00955378	0.0108919	
19	29400000	29500000	0.119252	0.000189327	0.00566038	
19	29500000	29600000	0.122075	0.000123217	0.00540309	
19	29600000	29700000	0.149173	1.09324e-06	0.00240137	
19	29700000	29800000	0.152275	5.93491e-07	0.00214408	
19	29800000	29900000	0.152942	5.19524e-07	0.00197256	
19	29900000	30000000	0.149591	1.00774e-06	0.00231561	
19	30000000	30100000	0.123819	9.39506e-05	0.00506003	
19	30100000	30200000	0.140902	5.19351e-06	0.0035163	
19	30400000	30500000	0.0889453	0.00917583	0.0107204	
19	30800000	30900000	0.104759	0.00142941	0.00754717	
19	30900000	31000000	0.105085	0.00137036	0.00728988	
19	31000000	31100000	0.0956183	0.00437334	0.00951973	
19	31100000	31200000	0.108963	0.000820631	0.0067753	
19	31200000	31300000	0.138727	7.69253e-06	0.00394511	
19	31300000	31400000	0.139284	6.96127e-06	0.00385935	
19	31400000	31500000	0.118467	0.000212901	0.00574614	
19	31500000	31600000	0.110127	0.000700586	0.00660377	
19	31600000	31700000	0.0975891	0.00347138	0.00891938	
19	31700000	31800000	0.0891767	0.00895249	0.0106346	
19	32300000	32400000	0.0883589	0.0097638	0.0110635	
