0.0403658	0.0182667	
0.0556407	0.00988944	
0.0504329	0.0278279	
0.0409901	0.0389224	
0.0359835	0.0428642	
0.0275809	0.0489401	
0.0199306	0.0538691	
0.0142174	0.0560761	
0.0110503	0.0569774	
0.00832905	0.0574907	
0.00678991	0.0572625	
0.00542848	0.0561064	
0.00471806	0.0564667	
0.00576302	0.0556834	
0.00536231	0.056298	
0.00703725	0.0552425	
0.00571948	0.0554018	
0.00532064	0.0550607	
0.00493094	0.0549188	
0.0046504	0.0547042	
0.00405036	0.0544131	
0.00531351	0.0538987	
0.0061892	0.0535858	
0.00495358	0.0534662	
0.00444164	0.0531923	
0.00450252	0.0531711	
0.00463212	0.0524812	
0.0044375	0.0527064	
0.00481994	0.0533772	
0.00444835	0.053517	
0.00437362	0.0538403	
0.00510487	0.0539131	
0.00462196	0.0540387	
0.00379236	0.0545687	
0.00532122	0.0558193	
0.00709555	0.0564182	
0.00822522	0.0560348	
0.0309207	0.0304862	
0.00740389	0.0561075	
0.00589382	0.0566701	
0.00907619	0.0573448	
0.0104304	0.0576572	
0.0123222	0.056884	
0.0150897	0.0562841	
0.0248781	0.0523214	
0.0444637	0.038084	
0.0570865	0.0236935	
0.0587034	0.0120957	
0.0565614	0.0103183	
0.0557371	0.0106695	
0.0553018	0.0101462	
0.055955	0.0103723	
0.0568033	0.0107194	
0.057587	0.0102617	
0.0599803	0.0122907	
0.054598	0.0268489	
0.0492093	0.0334256	
0.0241656	0.0510945	
0.0216026	0.052421	
0.0243871	0.051434	
0.0383793	0.0435403	
0.0523122	0.0297511	
0.0602586	0.0131573	
0.0571131	0.0138437	
0.0598541	0.0120815	
0.0574326	0.0135418	
0.0573892	0.0120316	
0.0594491	0.0124271	
0.0459911	0.0353656	
0.0301587	0.0488869	
0.0235729	0.0525468	
0.0215085	0.0533564	
0.0160835	0.0559337	
0.0140728	0.0569518	
0.0138443	0.0569198	
0.0159583	0.0544619	
0.0215942	0.0519412	
0.0273704	0.0502774	
0.0245068	0.0519457	
0.0324547	0.0469106	
0.0539573	0.0265411	
0.0569903	0.0208092	
0.0549579	0.0228766	
0.0561226	0.0224047	
0.0594942	0.0158404	
0.0586485	0.0192804	
0.058779	0.0198227	
0.0532734	0.0283627	
0.047811	0.0338809	
0.0351388	0.0432759	
0.0531305	0.0278311	
0.0595735	0.0162588	
0.0601006	0.0140313	
0.0605049	0.013383	
0.0541321	0.0274786	
0.0540439	0.0270506	
0.0599561	0.0175147	
0.0521546	0.0291188	
0.0600223	0.0151639	
0.0577751	0.00881414	
0.0570456	0.00871196	
0.0570289	0.00879177	
0.0571092	0.00850938	
0.0575117	0.00877203	
0.0575669	0.00865226	
0.0575324	0.00838662	
0.0580672	0.00864431	
0.0592644	0.0115622	
0.0604973	0.0141399	
0.0509372	0.023466	
0.0440518	0.031408	
0.0427078	0.0341835	
0.0392994	0.0388822	
0.0372087	0.0413202	
0.0302607	0.0481961	
0.0273127	0.0493767	
0.0302345	0.0481925	
0.0332754	0.0474161	
0.029998	0.0499725	
0.03753	0.0437125	
0.0415908	0.0376556	
0.0459525	0.0350739	
0.046977	0.0338717	
0.0467886	0.0339453	
0.0469581	0.0335234	
0.0451899	0.0338676	
0.0432519	0.0327919	
0.0461235	0.0311204	
0.043723	0.0334289	
0.0388107	0.0409571	
0.0423833	0.0416047	
0.0342039	0.048079	
0.0348192	0.0475086	
0.0371028	0.0461016	
0.0386384	0.0442878	
0.043338	0.0405171	
0.043505	0.0398221	
0.0424372	0.0406776	
0.0461456	0.0372794	
0.0503847	0.0335561	
0.0487257	0.0326103	
0.0465307	0.0348639	
0.0511097	0.0319085	
0.0488585	0.0342507	
0.0544746	0.0248373	
0.0576362	0.0213976	
0.0574856	0.0219451	
0.0586546	0.0208252	
0.0580432	0.0230908	
0.0616057	0.016829	
0.0608092	0.0188709	
0.061016	0.0185193	
0.0622544	0.0160749	
0.0626345	0.0150712	
0.0620846	0.0149172	
0.0549548	0.0244018	
0.0433845	0.0397508	
0.0535462	0.0284807	
0.0533963	0.0242277	
0.0515467	0.0241595	
0.0529823	0.02488	
0.056189	0.0225044	
0.0600246	0.01692	
0.0609746	0.0154653	
0.0620143	0.0142889	
0.0625152	0.0142434	
0.0626454	0.0141995	
0.0629186	0.0142745	
0.0628172	0.0125234	
0.0620212	0.0154039	
0.0609309	0.0168131	
0.060442	0.0174445	
0.0583602	0.0171039	
0.0529716	0.0224047	
0.0561911	0.0234078	
0.0600913	0.0208074	
0.0600234	0.0201241	
0.0561533	0.022383	
0.0542858	0.0270355	
0.0536048	0.0300251	
0.0541225	0.0301379	
0.0504104	0.0348587	
0.0452635	0.038961	
0.0506892	0.0320215	
0.0540169	0.0280257	
0.0486086	0.0328628	
0.0379908	0.0438385	
0.0358332	0.0453957	
0.0366833	0.0459784	
0.0522211	0.0306976	
0.0540139	0.0282187	
0.0538705	0.0279459	
0.0527764	0.0275625	
0.050174	0.0302888	
0.0523128	0.0291081	
0.0489038	0.0329654	
0.0433298	0.0376844	
0.0441481	0.0372607	
0.0441763	0.0372685	
0.0411276	0.0424784	
0.0344061	0.0465863	
0.0283495	0.0507714	
0.0303059	0.0504878	
0.0392976	0.0446951	
0.03696	0.0462929	
0.0385093	0.0449546	
0.0316022	0.0496953	
0.0278598	0.0524478	
0.0304188	0.0503726	
0.0276495	0.0520508	
0.0245193	0.0536744	
0.0207138	0.0555635	
0.0198878	0.0559918	
0.0291223	0.0506995	
0.0288329	0.0511538	
0.0303678	0.0505177	
0.0355328	0.0465576	
0.0416428	0.0403715	
0.0366537	0.0451544	
0.0277266	0.0511926	
0.0360854	0.0444821	
0.0299889	0.0492479	
0.0267999	0.052007	
0.0257956	0.0528419	
0.0276406	0.0511105	
0.0275922	0.0507094	
0.0350024	0.0448433	
0.0538238	0.0262672	
0.0570125	0.0215578	
0.0575898	0.0209853	
0.0558746	0.0236895	
0.0541278	0.0265658	
0.0540691	0.026116	
0.0518761	0.0284297	
0.0463593	0.0348922	
0.0384723	0.0418812	
0.0283548	0.0480176	
0.0232795	0.0484165	
0.0225404	0.0501108	
0.0252557	0.0475737	
0.0263283	0.047759	
0.0279467	0.047056	
0.0262168	0.0486694	
0.0245833	0.0505232	
0.0254467	0.0435782	
0.0298133	0.0438982	
0.0288881	0.0464024	
0.0275175	0.0463732	
0.0243518	0.0489949	
0.01849	0.0539318	
0.0216153	0.0508255	
0.0211338	0.0498424	
0.0223745	0.0487988	
0.0207651	0.0494098	
0.0209864	0.0497589	
0.0168939	0.0537647	
0.0163587	0.0529247	
0.021773	0.0465385	
0.020374	0.0519028	
0.0176466	0.0540174	
0.0152911	0.055403	
0.0188117	0.0535467	
0.0160584	0.0540714	
0.017196	0.0524886	
0.0237866	0.0494575	
0.019631	0.0537121	
0.0233067	0.0535109	
0.0277496	0.0515276	
0.0303394	0.0504525	
0.0331877	0.0483563	
0.0223691	0.0551801	
0.0258491	0.0531463	
0.0448823	0.0359678	
0.0538273	0.0284324	
0.0507881	0.0326305	
0.0499377	0.0326515	
0.0509216	0.026622	
0.0560704	0.023074	
0.0534529	0.0265117	
0.0541366	0.0273617	
0.0468947	0.0377274	
0.0505905	0.0331891	
0.0534941	0.0274138	
0.0536023	0.0271041	
0.0548121	0.0242445	
0.0542615	0.0252205	
0.0490639	0.0288642	
0.0474268	0.0301978	
0.0576378	0.0225719	
0.0545184	0.0280905	
0.051786	0.0331164	
0.0375561	0.0459791	
0.0324308	0.0488086	
0.0321069	0.0493921	
0.0404401	0.0432602	
0.0443215	0.0402749	
0.0386985	0.0443531	
0.0318012	0.0480981	
0.0338161	0.0480452	
0.0393675	0.044012	
0.0441136	0.0404221	
0.0475325	0.0372379	
0.046833	0.0365244	
0.0548321	0.0290311	
0.0624411	0.0163094	
0.0624685	0.0127758	
0.0611158	0.0127997	
0.0595319	0.0145365	
0.0589617	0.0179194	
0.0620866	0.0133169	
0.0621344	0.0151403	
0.0598855	0.021788	
0.0541421	0.030745	
0.0594881	0.0231361	
0.0582745	0.024393	
0.0524923	0.0318433	
0.054882	0.0290119	
0.0559826	0.0282503	
0.0442086	0.0396581	
0.0444433	0.0363394	
0.0586228	0.0199459	
0.0602603	0.0169101	
0.061157	0.0134432	
0.0609253	0.0112604	
0.0606515	0.0109257	
0.0606157	0.0109223	
0.0602039	0.0105864	
0.0605935	0.0104767	
0.0610293	0.0112247	
0.0607472	0.0141517	
0.0556796	0.0236303	
0.0531698	0.0302801	
0.0538785	0.0291824	
0.0513896	0.032223	
0.0489591	0.0347365	
0.0435454	0.0404358	
0.0446225	0.0391677	
0.0394419	0.0436041	
0.0228486	0.050499	
0.0209665	0.0521186	
0.0233764	0.0530257	
0.0240821	0.0527009	
0.02312	0.0526706	
0.0259334	0.0503574	
0.0339501	0.0445647	
0.0322634	0.0472866	
0.0333937	0.0463455	
0.0448399	0.0357932	
0.0428294	0.0381404	
0.0363301	0.0445328	
0.0303446	0.0479972	
0.0371041	0.0435496	
0.0282594	0.0499291	
0.0330951	0.0469776	
0.0370853	0.0438121	
0.0421632	0.0399393	
0.0468418	0.035905	
0.0403069	0.0414577	
0.0344548	0.0447245	
0.0405414	0.0372934	
0.0585697	0.0122577	
0.0582502	0.00967153	
0.0583222	0.00923207	
0.0580738	0.0102523	
0.0592839	0.00973191	
0.0601464	0.0099664	
0.0594643	0.0109969	
0.0599055	0.0126635	
0.0597397	0.0130151	
0.059764	0.013905	
0.0607993	0.0121876	
0.0599486	0.0161127	
0.0476327	0.0334451	
0.039732	0.0426737	
0.0386532	0.0437793	
0.0355157	0.0449341	
0.0335696	0.0472179	
0.0340597	0.0472305	
0.0298753	0.0495955	
0.0332901	0.0475241	
0.0267202	0.0526086	
0.0234014	0.0531597	
0.0171979	0.0564653	
0.0198692	0.0549301	
0.0163276	0.0561946	
0.012546	0.0575283	
0.0100793	0.057614	
0.00943923	0.0576021	
0.00770434	0.056624	
0.00772276	0.0554925	
0.00774003	0.0569597	
0.00898379	0.0571257	
0.0154112	0.0554289	
0.0192243	0.0534753	
0.0194301	0.0541289	
0.0203275	0.0543718	
0.0228683	0.0531417	
0.0236281	0.0525216	
0.0427387	0.038259	
0.0492481	0.0329094	
0.0533894	0.0281481	
0.0544958	0.0269795	
0.0540832	0.0274869	
0.0482267	0.0321485	
0.0278966	0.0496713	
0.0146725	0.0572855	
0.0114661	0.057986	
0.0112178	0.0575177	
0.010048	0.0573201	
0.0108595	0.0570903	
0.00960536	0.0565134	
0.00727419	0.0562291	
0.00622608	0.0559726	
0.00651912	0.0567277	
0.00720219	0.0566338	
0.00516137	0.056317	
0.00573423	0.0562657	
0.00597836	0.0564229	
0.00635207	0.056096	
0.00615054	0.0542601	
0.00448629	0.0540656	
0.00450133	0.0551695	
0.00564976	0.0548387	
0.00651678	0.0555661	
0.00690913	0.0554578	
0.00532802	0.0554719	
0.00607036	0.0546617	
0.00412348	0.054722	
0.0054577	0.0548907	
0.00512808	0.0544388	
0.00494011	0.0526164	
0.005689	0.0540681	
0.00577654	0.0542003	
0.00535677	0.0529612	
0.00517961	0.0542147	
0.00551826	0.0548758	
0.00717584	0.0560595	
0.00778935	0.0564435	
0.00892458	0.0561678	
0.00776553	0.0565261	
0.0089589	0.0560193	
0.0127872	0.0549463	
0.0160184	0.0537822	
0.0189714	0.0521439	
0.0209257	0.0508448	
0.022759	0.0495028	
0.025281	0.0482681	
0.0262649	0.0479676	
0.0288935	0.0452919	
0.0373946	0.0383989	
0.04766	0.0264861	
0.0479162	0.0235879	
0.0485034	0.0240608	
0.0500292	0.0229179	
0.0520058	0.0195603	
0.0530872	0.0194475	
0.0528682	0.020858	
0.0529161	0.0219805	
0.054336	0.0203027	
0.0551963	0.0195989	
0.0553222	0.0205336	
0.054815	0.0226435	
0.0520332	0.026019	
0.0531975	0.0257218	
0.0544495	0.0237119	
0.0528943	0.0248588	
0.0523149	0.0267132	
0.0496683	0.027922	
0.0498621	0.0293151	
0.0503234	0.0273529	
0.0498756	0.0268224	
0.0464398	0.0262807	
0.0441886	0.0267363	
0.0439828	0.0324326	
0.0421585	0.0365083	
0.0441833	0.0356701	
0.0445313	0.0349643	
0.0521422	0.0280322	
0.0520949	0.0280554	
0.0544547	0.0246777	
0.0550083	0.0233598	
0.0525765	0.0237831	
0.0513803	0.0257444	
0.0563668	0.0215135	
0.0580411	0.018043	
0.0592706	0.0153319	
0.0549684	0.0181318	
0.0584668	0.0175333	
0.0582794	0.0158582	
0.0577165	0.0161471	
0.0561274	0.0158769	
0.0554084	0.0157921	
0.0561257	0.0159024	
0.0563856	0.0138798	
0.056202	0.0119599	
0.055713	0.0126907	
0.0548646	0.0139235	
0.0544493	0.0125947	
0.0524326	0.0147486	
0.0431675	0.0241237	
0.0298718	0.0415165	
0.0249323	0.0472225	
0.0200132	0.050889	
0.0162637	0.0525278	
0.0152647	0.0545907	
0.0152377	0.0542499	
0.0185602	0.0527912	
0.0225329	0.0510401	
0.0188827	0.0540717	
0.0235806	0.0507809	
0.0384493	0.0399241	
0.0525085	0.0275825	
0.0567511	0.0214279	
0.0590217	0.0158467	
0.059346	0.0139674	
0.0593343	0.015196	
0.0590149	0.0152103	
0.0589566	0.0159287	
0.058586	0.0168176	
0.0571211	0.0196934	
0.0417831	0.03513	
0.0307621	0.0457843	
0.0224971	0.0519465	
0.0168316	0.053459	
0.0147072	0.0548286	
0.0127441	0.0563257	
0.0130963	0.0566127	
0.0105859	0.0574053	
0.0131089	0.0562488	
0.0157653	0.0546609	
0.0194609	0.0518482	
0.0210439	0.0503309	
0.0189399	0.0519575	
0.0120252	0.0570703	
0.00782202	0.057863	
0.00680433	0.0580084	
0.00810363	0.0574334	
0.0068329	0.0578206	
0.00685081	0.0579826	
0.00741883	0.0577063	
0.00764894	0.0576167	
0.00784075	0.0570052	
0.00922067	0.0568906	
0.00680028	0.057869	
0.00771318	0.0574511	
0.00820263	0.0574639	
0.0104567	0.0555246	
0.0176142	0.0506338	
0.0190886	0.0498681	
0.0180467	0.0517967	
0.0180416	0.0523915	
0.019593	0.0513519	
0.0191597	0.0511761	
0.0169948	0.0524671	
0.0152061	0.0520918	
0.0168513	0.0505956	
0.0207616	0.0480103	
0.019099	0.0526603	
0.0151256	0.0562633	
0.0113193	0.058401	
0.0141912	0.0562393	
0.013096	0.056552	
0.0176959	0.0560284	
0.0229936	0.0526715	
0.0298064	0.0446677	
0.037318	0.0427305	
0.0370815	0.0430637	
0.0391155	0.0410839	
0.0366193	0.0431724	
0.0321917	0.0468195	
0.0349798	0.0440183	
0.0281772	0.0473999	
0.0262127	0.0496646	
0.033	0.0422653	
0.0378268	0.0417509	
0.0298847	0.0502862	
0.0422125	0.0397966	
0.027712	0.049055	
0.0300157	0.0476413	
0.0489012	0.0334942	
0.0505168	0.0325878	
0.0471297	0.0325695	
0.0478534	0.0281346	
0.0444214	0.0216772	
