0
0.00012143
0.000125859
7.31213e-05
4.42763e-05
6.35337e-05
0.000147105
2.87753e-05
0.000635582
0.000930424
0.00200346
0.00248953
0.00467311
0.0076686
0.00335183
0.00130931
0.00314501
0.0156289
0.00373103
0.0101246
0.0037328
0.0035658
0.00223678
0.00386405
0.0152658
0.000701336
0.0128769
0.00801557
0.00461055
0.00910376
0.00286786
0.00162855
0.0106406
0.000817835
0.0107955
0.00311369
0.0100939
0.011942
0.000308427
0.0041305
0.00371316
0.0123764
0.000131857
0.00180248
0.0106792
0.00759036
0.00915532
0.00983762
0.00503459
0.00569971
0.00219879
0.00137499
0.00327039
0.000486923
0.00261144
0.000885804
0.00895654
0.00154408
0.0100036
0.00874877
0.0022414
0.00510549
0.00454271
0.00754066
0.00143364
0.00282772
0.00322749
0.00613391
0.00654638
0.00419761
0.0138417
0.00470677
0.00704173
0.00866385
0.0076883
0.0024591
0.00143868
0.00266667
0.00564068
0.00369055
0.00348261
0.00516068
0.00367163
0.00799495
0.00548327
0.0114956
0.0035487
0.00939802
0.00246204
0.0018766
0.00253323
0.00158638
0.00350887
0.00141308
0.00435049
0.00611962
0.00549007
0.0026726
0.000653743
0.00491151
0.00164761
0.00100258
0.0012853
0.00155889
0.000972676
0.00366535
0.00113023
0.00371243
0.00188543
0.00259792
0.00811543
0.000166438
0.00560328
0.00376536
0.00921148
0.00338219
0.00167431
0.0054733
0.00148802
0.00590579
0.00694691
0.00709619
0.00463224
0.00590893
0.00649648
0.00699733
0.00504347
0.00346388
0.00722633
0.0050355
0.00952289
0.00342991
0.00272176
0.0203339
0.00849324
0.00814157
0.00765987
0.0022271
0.0051239
0.0041219
0.00586765
0.00490616
0.0085071
0.00243963
0.0013184
0.00255091
0.000883846
0.0018828
0.000257045
0.00100778
0.000590533
0.00917426
0.00611911
0.0110029
0.00236446
0.00963435
0.00310291
0.00754047
0.00300931
0.00579539
0.0068276
0.0106704
0.0067192
0.0028671
0.00318916
0.00344682
0.00552948
0.00285117
0.00433074
0.0145027
0.00110868
0.00690407
0.0122481
0.00222114
0.00603024
0.00846588
0.00896112
0.00658284
0.00292765
0.0062803
0.00321547
0.00174628
0.00255184
0.00519744
0.00619034
0.0045458
0.00941047
0.0175408
0.00777437
0.00319408
0.0200921
0.0096247
0.00248406
0.00946118
0.000311869
0.00429325
0.0047912
0.000997127
0.00981873
0.00389062
0.0024076
0.0213929
0.00921229
0.001814
0.00189672
0.00027012
0.000460917
0.00181777
0.00522101
0.00437751
0.0529152
0.00458356
0.0299037
0.010326
0.00160695
0.00500922
0.00556597
0.00495771
0.00264126
0.00882796
0.00196361
0.00612019
0.00784235
0.00272728
0.00937742
0.015444
0.00412278
0.0124311
0.00729257
0.00341571
0.00579777
0.00287352
0.0118659
0.014688
0.0034213
0.00857473
0.00992123
0.00328223
0.0116403
0.00220122
0.00250054
0.00208168
0.00650822
0.00235119
0.00289845
0.00106906
0.0116395
0.00307723
0.0194411
0.00795658
0.00507784
0.00287729
0.000945565
0.000302164
0.00356022
0.00302327
0.0026973
0.00380522
0.00171241
0.00765931
0.00793499
0.00526011
0.00836104
0.00370977
0.0300374
0.00556927
0.00140356
0.0107948
0.0169416
0.00767259
0.0114139
0.00499711
0.00208288
0.00279023
0.00073286
0.00192726
0.00598912
0.0211394
0.00407429
0.0182931
0.0187614
0.0218656
0.00762259
0.00814251
0.0139481
0.0109934
0.00363782
0.00266928
0.0144805
0.00345968
0.00578134
0.00668351
0.00238337
0.00111032
0.00263294
0.00264846
0.0130166
0.00618776
0.00197059
0.00700907
0.000833618
0.00328945
0.00264794
0.00489425
0.000180438
0.0015587
0.0052656
0.000300991
0.000320313
0.0171368
0.00251503
0.0112813
0.00453314
0.00840099
0.0141118
0.00372149
0.00565645
0.00464517
0.00233838
0.00609682
0.000356159
0.00413703
0.00289466
0.00643883
0.00610561
0.00129146
0.0138308
0.0136926
0.00684298
0.0162586
0.0140469
0.00147684
0.00402329
0.00714891
0.00245756
0.0107201
0.00182207
0.00895635
0.0118172
0.00566044
0.0202858
0.00272914
0.0123076
0.00376161
0.00127149
0.0028259
0.00183474
0.00212523
0.00441765
0.000745296
0.000930816
0.00770596
0.00225529
0.0124553
0.000198519
0.00685115
0.0027035
0.000722913
0.0032091
0.00183358
0.00626368
0.00965076
0.00253175
0.00812491
0.00619112
0.00276571
0.00535923
0.0244133
0.000691059
0.00375197
0.0109795
0.00718148
0.00394476
0.0027942
0.00483508
0.00292434
0.00276895
0.00541328
0.00756531
0.00845008
0.00729616
0.00567206
0.00628307
0.018071
0.00595933
0.00482638
0.00280549
0.00454257
0.00186409
0.00706072
0.00127765
0.00185097
0.00609076
0.00166515
0.00713966
0.000900603
0.0014776
0.00588274
0.0012062
0.000756193
0.00408548
0.00274654
0.00368406
0.00176756
0.00513489
0.00671393
0.00552495
0.00742725
0.00153526
0.0123326
0.00972276
0.00233052
0.00625469
0.00483002
0.00380876
0.00240729
0.0101987
0.00617581
0.0187384
0.00618822
0.00536875
0.00791721
0.00579004
0.00533841
0.00176367
0.00907309
0.00624816
0.00883646
0.0106566
0.00830763
0.00688596
0.00449398
0.00387565
0.00342808
0.0140457
0.000824009
0.00549705
0.00556978
0.0014455
0.00614111
0.00452413
0.0102597
0.00361311
0.00361149
0.00346184
0.00393953
0.00204852
0.00566777
0.00438777
0.0021998
0.00139239
0.00308614
0.00295202
0.00360269
0.00221129
0.000809457
0.00434857
0.0102786
0.00621832
0.0051747
0.0101393
0.00526427
0.0159609
0.00206666
0.00529222
0.00453018
0.00118995
0.00385297
0.00514307
0.0175834
0.00531222
0.00968493
0.0110653
0.0101011
0.00601978
0.00419298
0.00343251
0.00973174
0.00540211
0.00564638
0.0054217
0.0062441
0.00697493
0.00127838
0.00918723
0.00463328
0.0101912
0.0154916
0.00270022
0.00413332
0.00153454
0.00483501
0.00277869
0.00876311
0.00156296
0.00682905
0.00504412
0.0026527
0.00472557
0.00603269
0.00714767
0.00439543
0.00161503
0.000919932
0.00295791
0.00355935
0.00284521
0.00549463
0.0043771
0.00238255
0.00438986
0.00649995
0.00460929
0.00952615
0.00667143
0.00168175
0.0059087
0.0134722
0.00565602
0.0128475
0.00228567
0.00414488
0.00394775
0.00599916
0.00182045
0.00269211
0.00613559
0.00596713
0.00586594
0.0115928
0.00264828
0.00657194
0.00550637
0.00489167
0.0028
0.00316318
0.00397447
0.00853085
0.00475631
0.00238942
0.00608297
0.00393803
0.00537505
0.00274652
0.00678965
0.000495309
0.00577029
0.00171594
0.0039577
0.00111529
0.00998318
0.00587683
0.00139642
0.0060201
0.000479525
0.0021133
0.00766672
0.00243741
0.00184131
0.00214729
0.00237615
0.00384225
0.00546355
0.00715466
0.00176997
0.00707725
0.00716299
0.0115515
0.0109534
0.00312081
0.0186697
0.00897584
0.00575297
0.00264705
0.00370207
0.00493426
0.00449415
0.00780188
0.00256972
0.00996051
0.0114386
0.00465501
0.00331088
0.00927456
0.00589658
0.00482455
0.00625858
0.00385532
0.00736774
0.00879006
0.00460567
0.00271101
0.00991213
0.00103039
0.00243178
0.00231847
0.00405981
0.00527534
0.000892619
0.00285932
0.00504816
0.00678136
0.00461653
0.00353903
0.00297324
0.00606092
0.00313558
0.00236132
0.00140669
0.00363756
0.00376344
0.00725629
0.00571834
0.00903659
0.0107126
0.00192345
0.00751343
0.00676165
0.0100923
0.00353806
0.00576115
0.00428404
0.00502327
0.00793952
0.00438175
0.00654237
0.00508948
0.00208787
0.0121839
0.0030643
0.00808924
0.00928627
0.00344202
0.00406512
0.0108453
0.00270697
0.00701262
0.00573635
0.00534889
0.00272101
0.00528243
0.00446131
0.00319786
0.00448009
0.00141441
0.00756613
0.00390621
0.00208062
0.00163153
0.00540332
0.00229979
0.00771134
0.00186107
0.00124733
0.00197269
0.00183506
0.00207258
0.00153626
0.00770528
0.00536303
0.00576441
0.00455885
0.0127799
0.00451456
0.00817304
0.00440466
0.00335416
0.00521461
0.00212851
0.00859717
0.0028456
0.00436293
0.0115815
0.00759279
0.00297189
0.0101011
0.00489261
0.00786439
0.00342839
0.00495625
0.00510345
0.00110089
0.00634056
0.0024741
0.00762162
0.00509868
0.00847172
0.0158285
0.00312173
0.00555379
0.00632518
0.00566341
0.0027357
0.00311196
0.00146586
0.00281623
0.00122271
0.00313561
0.00352118
0.00218405
0.00482026
0.00232585
0.00173851
0.0025997
0.00769868
0.00125776
0.00723398
0.00289993
0.00574413
0.00347671
0.0033087
0.00412303
0.00156596
0.00447496
0.00738426
0.00792808
0.00563808
0.00627606
0.00456314
0.00682927
0.00344349
0.0106952
0.00950573
0.00477713
0.00370531
0.00731906
0.0144881
0.00536684
0.00429924
0.00258119
0.00527648
0.00843321
0.00676411
0.00449005
0.0149169
0.00639548
0.00487395
0.00370798
0.012465
0.00154561
0.00432183
0.00173697
0.00729359
0.00394519
0.00236719
0.00230515
0.0101484
0.000725035
0.00261379
0.00180978
0.00513337
0.00233373
0.000956157
0.00126959
0.001083
0.00974554
0.000532874
0.00154824
0.00558923
0.0025161
0.00243488
0.00662036
0.00571625
0.0161191
0.00294109
0.00208005
0.00964368
0.00472278
0.00549126
0.0083176
0.0029684
0.00286966
0.00432665
0.00830474
0.00631521
0.00377659
0.0080187
0.000868047
0.00565188
0.00258946
0.00648638
0.00305282
0.00782668
0.00519582
0.0123347
0.00683361
0.00178582
0.00176949
0.00834374
0.00591527
0.0058618
0.00398477
0.00516132
0.000470359
0.00545609
0.00394912
0.00409553
0.0023466
0.00445303
0.000469257
0.00722135
0.00153743
0.00446198
0.000389916
0.00182842
0.0012111
0.00359197
0.000985286
0.0037912
0.00397352
0.00880335
0.00485185
0.00453556
0.00472659
0.00414936
0.00689313
0.00226864
0.00518456
0.0110209
0.00064079
0.0066962
0.00808369
0.012604
0.00543277
0.00156865
0.00836951
0.00669578
0.00196172
0.00126939
0.00584901
0.00788216
0.00322555
0.00433423
0.00396646
0.00413956
0.00698853
0.00583232
0.00486964
0.00758546
0.000745421
0.00462135
0.00414752
0.00895627
0.00405667
0.00340172
0.0012957
0.00025124
0.00365454
0.0017257
0.00364733
0.00111584
0.00847726
0.00644347
0.00695482
0.000167779
0.000879096
0.00342668
0.00666045
0.00221558
0.00317674
0.00219379
0.00328724
0.000890543
0.0087595
0.00422363
0.00725817
0.00959205
0.00190349
0.0150298
0.00547804
0.00711265
0.00607989
0.00430216
0.00550691
0.00779919
0.00267699
0.00786058
0.00107148
0.00421832
0.00419591
0.00273826
0.00772253
0.0175031
0.00493855
0.00932699
0.00735669
0.00485642
0.00675855
0.00438756
0.00231721
0.00606741
0.00324434
0.00100018
0.00603778
0.00529828
0.000919307
0.00941808
0.00128394
0.00110578
0.00234907
0.00293913
0.000977998
0.00444529
0.000498259
0.0049311
0.00146878
0.00583863
0.000957552
0.00328827
0.00910339
0.000933456
0.00463701
0.00341612
0.00712027
0.00290846
0.00529315
0.0108409
0.00568659
0.00158863
0.0122139
0.0030566
0.00410486
0.00267939
0.0043232
0.00390176
0.010144
0.00181269
0.00427019
0.00541306
0.00384313
0.00707917
0.00583285
0.00398149
0.00486508
0.00274774
0.00481487
0.0128209
0.00393084
0.0101355
0.0045647
0.00306998
0.00371467
0.00966822
0.00265354
0.00172941
0.00104161
0.00073715
0.002529
0.00111818
0.00104499
0.0035142
0.0089295
0.00300813
0.00289858
0.00179277
0.00149244
0.00401168
0.00477984
0.00203923
0.00779414
0.00360118
0.00350586
0.0106772
0.00806367
0.00560727
0.00377067
0.00351396
0.0047385
0.00377907
0.00228526
0.00787378
0.00407509
0.00614554
0.00723792
0.00453327
0.0162577
0.0074753
0.00584804
0.00157457
0.00308739
0.00270893
0.00227955
0.00589189
0.00732808
0.00841253
0.0198174
0.00545694
0.00317121
0.00710459
0.00317944
0.00786984
0.00320984
0.00357028
0.00260701
0.00242345
0.00125683
0.000436939
0.00113553
0.00303983
0.0022076
0.00104731
0.00460715
0.00465957
0.000306229
0.00323171
0.00402267
0.0102747
0.000791635
0.002101
0.00116748
0.00198441
0.00246201
0.00484003
0.00573659
0.00291015
0.0081184
0.00642454
0.00512095
0.00638442
0.0095904
0.00298338
0.0067545
0.00252408
0.00489156
0.00506053
0.00748602
0.00372652
0.00499306
0.0085198
0.00407687
0.00640597
0.00194522
0.00854996
0.00509162
0.00335993
0.0130309
0.00247952
0.0023458
0.00340465
0.00635906
0.00327295
0.00980495
0.0020108
0.00255483
0.00275257
0.00376636
0.000572712
0.00312011
0.00210422
0.00831449
0.00136714
0.00238795
0.00183636
0.00212894
0.000547743
0.00679184
0.00146373
0.00591669
0.011705
0.00477538
0.00331766
0.00924885
0.00525107
0.0040934
0.00310103
0.0108197
0.00558009
0.00120556
0.0146879
0.00445322
0.00172794
0.0104096
0.00328306
0.0130263
0.00745683
0.0077372
0.00301842
0.00588302
0.00941061
0.00547397
0.0046053
0.00765856
0.00312658
0.00999392
0.00618516
0.00332348
0.0140329
0.0104262
0.00442381
0.00764108
0.00396617
0.00370173
0.0011233
0.00502228
0.00348712
0.00825221
0.00131387
0.00973582
0.00340561
0.00448081
0.0011213
0.00853704
0.00228414
0.00164964
0.002199
0.00117422
0.00138966
0.00328017
0.0105323
0.00225087
0.00225635
0.00801796
0.010024
0.0145541
0.0036912
0.0083086
0.00803545
0.00611615
0.00236767
0.00286911
0.00720188
0.00281841
0.00418224
0.00794078
0.0168141
0.00452401
0.0101107
0.00872758
0.00818362
0.00183057
0.0017926
0.00605287
0.00545369
0.0055348
0.00538542
0.00765506
0.00391681
0.00998251
0.0101519
0.00180214
0.0176559
0.00250823
0.00513295
0.00350668
0.00489422
0.00192342
0.00357856
0.00600358
0.0027148
0.00178427
0.00251998
0.00117461
0.00326018
0.000657919
0.00487997
0.00917196
0.00626959
0.00806734
0.0035806
0.00665212
0.0152956
0.00162269
0.0107492
0.00312165
0.000866492
0.0097754
0.00378712
0.002249
0.0105217
0.00235417
0.0103069
0.0106372
0.0046874
0.0169042
0.00357895
0.00677611
0.00451147
0.00613934
0.00265993
0.00478874
0.00400481
0.00411539
0.00139571
0.0116377
0.0108583
0.00624325
0.00516149
0.0128158
0.00281799
0.00430191
0.00247445
0.000516567
0.00275883
0.00146733
0.00137755
0.00470367
0.00913183
0.00576013
0.00615855
0.00426239
0.00118613
0.00349878
0.00273897
0.0100428
0.0066908
0.00379537
0.00167831
0.00521801
0.00657224
0.00240967
0.00138728
0.00821167
0.00666045
0.00572342
0.0121868
0.00203078
0.00822119
0.00337185
0.00135252
0.0032221
0.00197957
0.00414203
0.00180287
0.0128756
0.0074788
0.0167731
0.00997223
0.0107425
0.0124169
0.00836426
0.001692
0.00311837
0.00421434
0.00187928
0.0022244
0.0112458
0.0114804
0.00884991
0.00965114
0.00860113
0.00404852
0.00306112
0.00654614
0.00199806
0.00531667
0.00140577
0.000804191
0.0074707
0.00847287
0.00272003
0.00941238
0.00389687
0.00155222
0.0049166
0.00085931
0.00420004
0.00276944
0.00488487
0.00525925
0.00283173
0.0047876
0.00378087
0.0065351
0.00664345
0.00304375
0.0128768
0.00213399
0.00624607
0.00959589
0.0126262
0.0041765
0.0076009
0.0189403
0.00348164
0.00875525
0.00283019
0.000517813
0.00347549
0.00316458
0.0035698
0.00255634
0.00430104
0.0141208
0.00705918
0.010614
0.00735477
0.00440155
0.00372011
0.00780083
0.00291415
0.00237016
0.00330917
0.00304986
0.00225749
0.00118956
0.0075545
0.0132711
0.00157139
0.00175098
0.00490498
0.00302297
0.00341362
0.00339227
0.00133105
0.0011034
0.00490999
0.00165304
0.00229027
0.0152361
0.00500926
0.00407606
0.008805
0.00175161
0.00659528
0.0183379
0.00132159
0.00518202
0.0044636
0.00972315
0.00522691
0.00208109
0.00290781
0.00538354
0.00914601
0.0036327
0.00726599
0.0100554
0.00756976
0.00427087
0.00187284
0.00983019
0.00232624
0.00204204
0.00517587
0.00711818
0.00414403
0.00969071
0.00384743
0.00914332
0.00276488
0.00472495
0.00590035
0.00635959
0.000696959
0.0046691
0.00190004
0.0019888
0.00429152
0.00533797
0.0010886
0.000946459
0.0126745
0.00886202
0.00667167
0.000926523
0.00157785
0.00111577
0.000766572
0.00319287
0.00207868
0.00443964
0.00673309
0.00558934
0.0104342
0.00593333
0.0019799
0.00430235
0.00965453
0.00562416
0.00292901
0.0141213
0.00579376
0.00502755
0.00227274
0.0113274
0.00348502
0.00755492
0.0014307
0.00647846
0.0074894
0.0180857
0.00323235
0.0126772
0.0027966
0.00588637
0.0172495
0.00189415
0.00768525
0.0205533
0.00475109
0.00561841
0.00305085
0.000816965
0.000641757
0.0051186
0.00223067
0.000944844
0.00449027
0.0071726
0.00740015
0.00169437
0.00527853
0.00692249
0.00488135
0.00388651
0.00195942
0.00848275
0.00525731
0.00120796
0.0214378
0.00731608
0.00479714
0.01609
0.00874711
0.00154402
0.00492144
0.00358855
0.00194284
0.00264513
0.00380431
0.00442668
0.0113987
0.00727719
0.00318696
0.00846218
0.0150225
0.00137367
0.0163194
0.00256418
0.0172102
0.00381788
0.00470588
0.00607784
0.0108121
0.0015817
0.0053763
0.0153528
0.00427508
0.00857208
0.0135652
0.0051299
0.00223223
0.00627581
0.00334572
0.00761178
0.00219438
0.00314411
0.00263127
0.00366209
0.00539047
0.00136242
0.00614965
0.00208663
0.00272664
0.00233434
0.00543634
0.000321319
0.00403935
0.0029404
0.00556754
0.00444762
0.00588049
0.0104806
0.0137446
0.0213269
0.00458747
0.00389834
0.00599702
0.00421361
0.00592224
0.0017903
0.0043922
0.00523484
0.00310402
0.00624967
0.00882171
0.00720717
0.0292884
0.00876911
0.00928338
0.00510865
0.00674252
0.00811038
0.0103897
0.00979174
0.00538464
0.00421311
0.00553826
0.00283295
0.00665381
0.0107192
0.00446517
0.00350701
0.00520466
0.00537502
0.00343323
0.00302249
0.00346998
0.0030951
0.0146573
0.0061404
0.0038499
0.00159085
0.00446743
0.000344189
0.00691203
0.0013995
0.00266187
0.0107196
0.000445154
0.00331436
0.00847733
0.0060091
0.00889996
0.00744819
0.00628757
0.00723403
0.00311739
0.00439792
0.00352759
0.00466279
0.00460854
0.00642187
0.00404433
0.0109218
0.00510572
0.00485286
0.00671032
0.00220496
0.00436321
0.00438376
0.00360401
0.00614122
0.00211414
0.00462607
0.00671919
0.00604716
0.00598675
0.00788987
0.00541083
0.00549598
0.00598744
0.00367605
0.00106461
0.00169211
0.000607971
0.00158521
0.000578645
0.000644118
0.00503311
0.00393011
0.00562186
0.00191743
0.00253951
0.00480866
0.00232387
0.00244534
0.00304864
0.00183951
0.00653367
0.00281266
0.00613971
0.00654925
0.00247477
0.0118675
0.00821326
0.00925208
0.00247616
0.00235306
0.0130162
0.0048542
0.00587893
0.00525473
0.000457455
0.009367
0.00242787
0.00769176
0.0043449
0.00181823
0.00807501
0.00850331
0.00595308
0.00202871
0.00742238
0.00946588
0.00937014
0.0048235
0.00283213
0.00344868
0.00469938
0.0052616
0.000710167
0.00194689
0.00751703
0.00236285
0.00227896
0.00582938
0.00040679
0.00314907
0.00642053
0.00328802
0.00547284
0.00053028
0.00319477
0.000539997
0.00542835
0.000528024
0.00145109
0.00572541
0.00125454
0.00291218
0.00880185
0.0115414
0.0135474
0.0072329
0.00484867
0.00701822
0.0027352
0.00541757
0.0121504
0.00619098
0.00530336
0.0123764
0.00876173
0.00245617
0.0086044
0.00457997
0.00864944
0.00852514
0.00948595
0.00227439
0.00152942
0.00640775
0.0120895
0.0142076
0.00509098
0.00164061
0.00831069
0.00113912
0.00373754
0.00510476
0.00610757
0.000927921
0.000257113
0.00739875
0.0013336
0.00419637
0.00761632
0.011686
0.00177218
0.00395691
0.00266364
0.00216857
0.000741095
0.000805662
0.000313122
0.00194046
0.00162716
0.00570174
0.00240934
0.00533563
0.00174006
0.00800002
0.00425069
0.00653379
0.0172354
0.00264238
0.0149401
0.012695
0.003002
0.00786502
0.00788138
0.00979197
0.00352538
0.00347246
0.0152354
0.00341402
0.00262362
0.00472225
0.0127109
0.0051328
0.00358508
0.00389273
0.0061775
0.00945669
0.0110467
0.00472808
0.00149275
0.00617382
0.00150106
0.00540287
0.00647716
0.00923966
0.00339794
0.00210301
0.00816091
0.00279324
0.00613125
0.00109866
0.00818149
0.000839459
0.000220572
0.00323433
0.00219025
0.000722719
0.00382922
0.00165391
0.00277354
0.00554001
0.000699222
0.00843187
0.015408
0.00562153
0.00491959
0.012432
0.00141608
0.00255501
0.00825358
0.0109634
0.00862624
0.00122535
0.00302826
0.00310763
0.0121051
0.00128157
0.0043541
0.00698646
0.0116525
0.00868794
0.00140203
0.0133395
0.00544917
0.00179422
0.0114242
0.00428113
0.00325218
0.00341015
0.00793983
0.00693231
0.0110819
0.00308426
0.0060342
0.0032916
0.000347762
0.00046029
0.00111797
0.00160739
0.000435044
0.00516377
0.0013639
0.00359855
0.00997595
0.000468563
0.00478671
0.0026155
0.00512209
0.00325664
0.00463338
0.00778546
0.00394929
0.00421774
0.00740224
0.00644766
0.00529645
0.00219363
0.0011938
0.00785852
0.010371
0.00265414
0.00301873
0.00671371
0.0102714
0.00336499
0.00260023
0.0100256
0.00407527
0.0041655
0.00286252
0.0034264
0.00398272
0.00527841
0.00583953
0.0123768
0.00148896
0.00789793
0.00527978
0.0133561
0.00392393
0.00624604
0.0049856
0.0014803
0.00463698
0.000465082
0.00279354
0.0023744
0.00163751
0.000749711
0.0015284
0.00375105
0.000659607
0.0138895
0.00291429
0.00373859
0.00125926
0.00470307
0.0013999
0.00267029
0.000566671
0.00182122
0.00591837
0.00364491
0.00238236
0.00860134
0.00952414
0.00140766
0.00707453
0.00381024
0.00682454
0.0016556
0.00198798
0.0194809
0.0024422
0.00166236
0.0070058
0.00795813
0.00638606
0.00899468
0.00240623
0.00395743
0.00913203
0.00252183
0.00818948
0.00204678
0.00856778
0.00580609
0.00387224
0.00620588
0.00320647
0.0105771
0.0105244
0.00332025
0.0005013
0.00337236
0.00120266
0.00282428
0.00279778
0.00458638
0.00467758
0.00116254
0.00393864
0.00318421
0.00213765
0.00343809
0.00316622
0.00327638
0.00496194
0.00375762
0.00258219
0.00200045
0.00332731
0.00853002
0.00377979
0.00684184
0.00436868
0.00380835
0.00490625
0.0040976
0.00187065
0.00369453
0.004596
0.00398783
0.00500458
0.00512638
0.00639142
0.00403431
0.0130055
0.00371292
0.00751889
0.00527846
0.00321657
0.00651461
0.00298222
0.000790941
0.00768913
0.00536887
0.00528518
0.00600951
0.00486731
0.00864862
0.00409165
0.00830129
0.00228088
0.00361517
0.00431774
0.00473811
0.00543052
0.00132187
0.00803266
0.00206231
0.00674847
0.000902552
0.00452348
0.00181424
0.00449071
0.00140571
0.00143763
0.00627661
0.00314344
0.00586189
0.00450858
0.00886488
0.00768108
0.00529577
0.00406253
0.00873074
0.00764874
0.00431055
0.00501626
0.00267196
0.0050758
0.00260813
0.00889761
0.00570269
0.00743682
0.00489945
0.00716509
0.003861
0.00752964
0.00823832
0.00341315
0.00418463
0.0053277
0.00327175
0.00641687
0.0059227
0.00612139
0.0091582
0.00830535
0.00506595
0.00250965
0.00118054
0.00407527
0.00160202
0.00279759
0.00179964
0.00186826
0.00178296
0.00192746
0.0042031
0.00288278
0.000521074
0.0051408
0.00271402
0.00239635
0.00546505
0.000496202
0.00161779
0.00204986
0.00151186
0.00217937
0.00103774
0.00499188
0.00447738
0.00971191
0.00211065
0.00985851
0.00491699
0.0131639
0.00568146
0.00459473
0.00484398
0.00497058
0.00344818
0.00271522
0.00345788
0.00253842
0.00629395
0.00659271
0.0106805
0.00350253
0.00212267
0.0069432
0.0068867
0.000523417
0.00479706
0.00350054
0.00464868
0.00656867
0.0135602
0.00239073
0.015893
0.00422763
0.00683751
0.00600046
0.000315376
0.00189857
0.00109337
0.00292739
0.00250225
0.00116868
0.00295629
0.00274815
0.00408241
0.000722272
0.00388107
0.00697915
0.00392977
0.00753372
0.00726952
0.0065003
0.00149332
0.00325639
0.00738892
0.00315093
0.00259736
0.00259079
0.00355151
0.00499179
0.0073413
0.0049593
0.0136554
0.00957773
0.0136095
0.00688128
0.0112166
0.00176724
0.0101049
0.00259851
0.0039371
0.0106398
0.00362653
0.0132785
0.00264212
0.00646638
0.0071895
0.00297251
0.00607258
0.00563222
0.0166672
0.00596637
0.00335779
0.00408749
0.00581932
0.000888895
0.00314409
0.00551673
0.00314234
0.00582473
0.00156942
0.0023365
0.00168626
0.00436185
0.00582952
0.0030969
0.00782467
0.00522148
0.00390973
0.00318778
0.00721274
0.00404599
0.00249245
0.00405213
0.0162141
0.0102948
0.00613628
0.00237911
0.00332426
0.00643405
0.0038161
0.0124205
0.00541748
0.00364136
0.00645189
0.00829748
0.0053755
0.00876406
0.00245262
0.0183696
0.00287745
0.0121633
0.00397264
0.00364854
0.00396866
0.00410692
0.0092946
0.00551955
0.0065073
0.00881059
0.00324499
0.0172729
0.00356639
0.0126559
0.0041645
0.00156194
0.00798824
0.00366961
0.00697257
0.0216368
0.0108067
0.00501796
0.00359301
0.0016538
0.00296012
0.00214356
0.00181203
0.00199016
0.00178128
0.0073099
0.0027692
0.00568312
0.00145469
0.00357512
0.00717428
0.00294502
0.00746728
0.00651385
0.00971878
0.00308346
0.00961184
0.00148112
0.00326069
0.004987
0.00427982
0.00743304
0.00619283
0.00644558
0.0041698
0.00571691
0.0149662
0.00252805
0.0039068
0.00553454
0.00320938
0.0117353
0.00468779
0.0064732
0.00737964
0.00501022
0.00566244
0.00630469
0.00196448
0.00833096
0.00266367
0.00227727
0.00184663
0.00130412
0.00143639
0.00570834
0.00113855
0.00916903
0.00584858
0.00308688
0.00385171
0.00394596
0.00168134
0.00260526
0.00206676
0.0030246
0.0100938
0.000895373
0.00273427
0.019445
0.00384924
0.00396843
0.00711876
0.00448787
0.00696697
0.0066593
0.0107205
0.00539994
0.00382029
0.00274726
0.00345969
0.0110075
0.0102284
0.00792492
0.00492468
0.00849097
0.00653354
0.00385328
0.00805456
0.00394463
0.0011809
0.0132089
0.00806576
0.00552764
0.0122623
0.00724093
0.00702571
0.0106247
0.00212592
0.00195032
0.0137933
0.000367327
0.00353331
0.00472213
0.00356524
0.0132556
0.000876481
0.00444231
0.00110536
0.00760795
0.00229304
0.00444707
0.00178548
0.00080774
0.00145255
0.0102099
0.00112743
0.00894332
0.00446444
0.00427126
0.0045756
0.00797215
0.0112251
0.00570054
0.00705063
0.015899
0.00492918
0.00202185
0.00343906
0.00402117
0.00415332
0.00391643
0.0146521
0.00387767
0.00452259
0.00642004
0.0166976
0.00166148
0.0045174
0.00534018
0.00454829
0.00527045
0.00627205
0.00313591
0.00965626
0.00841317
0.0123043
0.00462515
0.00801689
0.0101142
0.00246167
0.00886811
0.00831104
0.00276213
0.0015106
0.00349396
0.0103746
0.00338912
0.0106395
0.00180091
0.0060605
0.00648685
0.0186781
0.00574804
0.00363736
0.012932
0.0092786
0.00990538
0.0205911
0.0106328
0.00121864
0.0094448
0.00391181
0.00389626
0.0078711
0.00311628
0.00626324
0.0149123
0.0096521
0.00583199
0.00981617
0.0110529
0.0144834
0.0032711
0.000914637
0.00889513
0.00497473
0.00599495
0.00687108
0.0108049
0.0262861
0.0084782
0.00567233
0.0098492
0.0103539
0.00311756
0.0033506
0.00405315
0.00524661
0.00368191
0.00991224
0.0117309
0.00508212
0.00809437
0.00390619
0.00288938
0.00659916
0.00396538
0.0061948
0.00128185
0.00533272
0.0080943
0.00401712
0.00482599
0.00541525
0.00423029
0.00323124
0.00788715
0.00313291
0.00428623
0.00127593
0.0189865
0.00431366
0.00154421
0.000830691
0.000811938
0.000436311
0.00137252
0.000421124
0.00177489
0.000276153
0.0222775
0.00635943
