#chro	startnd	ES	NPC	CN
19	3075000	3100000	N/A	N/A	N/A	
19	3100000	3125000	N/A	N/A	N/A	
19	3125000	3150000	0	0	0	
19	3150000	3175000	0	0	0	
19	3175000	3200000	0	0	0	
19	3200000	3225000	0	0	0	
19	3225000	3250000	0	0	0	
19	3250000	3275000	0	0	0	
19	3275000	3300000	0	0	0	
19	3300000	3325000	0	0	0	
19	3325000	3350000	0	0	0	
19	3350000	3375000	0	0	0	
19	3375000	3400000	0	0	0	
19	3400000	3425000	0	0	0	
19	3425000	3450000	0	0	0	
19	3450000	3475000	1	0	1	
19	3475000	3500000	0	0	0	
19	3500000	3525000	0	0	0	
19	3525000	3550000	0	0	0	
19	3550000	3575000	0	0	0	
19	3575000	3600000	1	1	1	
19	3600000	3625000	0	0	0	
19	3625000	3650000	0	0	0	
19	3650000	3675000	0	0	0	
19	3675000	3700000	0	0	0	
19	3700000	3725000	0	0	0	
19	3725000	3750000	0	0	0	
19	3750000	3775000	0	0	0	
19	3775000	3800000	1	0	0	
19	3800000	3825000	0	0	0	
19	3825000	3850000	0	0	0	
19	3850000	3875000	0	0	0	
19	3875000	3900000	0	0	0	
19	3900000	3925000	0	0	0	
19	3925000	3950000	0	0	0	
19	3950000	3975000	0	0	0	
19	3975000	4000000	0	0	0	
19	4000000	4025000	0	0	0	
19	4025000	4050000	0	0	0	
19	4050000	4075000	0	0	0	
19	4075000	4100000	0	0	0	
19	4100000	4125000	0	0	0	
19	4125000	4150000	0	0	0	
19	4150000	4175000	0	0	0	
19	4175000	4200000	0	0	0	
19	4200000	4225000	0	0	0	
19	4225000	4250000	0	0	0	
19	4250000	4275000	0	0	1	
19	4275000	4300000	0	0	0	
19	4300000	4325000	0	0	0	
19	4325000	4350000	0	0	0	
19	4350000	4375000	0	0	0	
19	4375000	4400000	0	0	0	
19	4400000	4425000	0	0	0	
19	4425000	4450000	0	0	0	
19	4450000	4475000	0	0	0	
19	4475000	4500000	0	0	0	
19	4500000	4525000	0	0	0	
19	4525000	4550000	0	0	0	
19	4550000	4575000	0	0	0	
19	4575000	4600000	0	0	0	
19	4600000	4625000	0	0	0	
19	4625000	4650000	1	0	1	
19	4650000	4675000	0	0	0	
19	4675000	4700000	0	0	0	
19	4700000	4725000	0	0	0	
19	4725000	4750000	0	0	0	
19	4750000	4775000	1	1	0	
19	4775000	4800000	0	0	0	
19	4800000	4825000	0	0	0	
19	4825000	4850000	0	0	0	
19	4850000	4875000	0	0	0	
19	4875000	4900000	0	0	0	
19	4900000	4925000	0	0	0	
19	4925000	4950000	0	0	0	
19	4950000	4975000	0	0	0	
19	4975000	5000000	0	0	0	
19	5000000	5025000	0	0	0	
19	5025000	5050000	1	1	1	
19	5050000	5075000	0	0	0	
19	5075000	5100000	0	0	0	
19	5100000	5125000	0	0	0	
19	5125000	5150000	0	0	0	
19	5150000	5175000	0	0	0	
19	5175000	5200000	0	0	0	
19	5200000	5225000	0	0	0	
19	5225000	5250000	0	0	0	
19	5250000	5275000	0	0	0	
19	5275000	5300000	0	0	0	
19	5300000	5325000	0	0	0	
19	5325000	5350000	0	0	0	
19	5350000	5375000	0	0	0	
19	5375000	5400000	0	0	0	
19	5400000	5425000	0	0	0	
19	5425000	5450000	0	0	0	
19	5450000	5475000	0	0	0	
19	5475000	5500000	0	0	0	
19	5500000	5525000	0	0	0	
19	5525000	5550000	0	0	0	
19	5550000	5575000	0	0	0	
19	5575000	5600000	0	0	0	
19	5600000	5625000	0	0	0	
19	5625000	5650000	0	0	0	
19	5650000	5675000	0	0	0	
19	5675000	5700000	0	0	0	
19	5700000	5725000	0	0	0	
19	5725000	5750000	0	0	0	
19	5750000	5775000	0	0	0	
19	5775000	5800000	0	0	0	
19	5800000	5825000	0	0	0	
19	5825000	5850000	0	0	0	
19	5850000	5875000	0	0	0	
19	5875000	5900000	0	0	0	
19	5900000	5925000	1	1	1	
19	5925000	5950000	1	1	0	
19	5950000	5975000	0	0	0	
19	5975000	6000000	0	0	0	
19	6000000	6025000	0	0	0	
19	6025000	6050000	0	0	0	
19	6050000	6075000	0	0	0	
19	6075000	6100000	0	0	0	
19	6100000	6125000	0	0	0	
19	6125000	6150000	0	0	0	
19	6150000	6175000	0	0	0	
19	6175000	6200000	0	0	0	
19	6200000	6225000	0	0	0	
19	6225000	6250000	0	0	0	
19	6250000	6275000	0	0	0	
19	6275000	6300000	0	0	0	
19	6300000	6325000	0	0	0	
19	6325000	6350000	0	0	0	
19	6350000	6375000	1	1	1	
19	6375000	6400000	1	1	1	
19	6400000	6425000	1	1	0	
19	6425000	6450000	0	0	0	
19	6450000	6475000	0	0	0	
19	6475000	6500000	0	0	0	
19	6500000	6525000	0	0	0	
19	6525000	6550000	0	0	0	
19	6550000	6575000	0	0	0	
19	6575000	6600000	0	0	0	
19	6600000	6625000	0	0	0	
19	6625000	6650000	0	0	0	
19	6650000	6675000	0	0	0	
19	6675000	6700000	0	0	0	
19	6700000	6725000	N/A	N/A	N/A	
19	6725000	6750000	N/A	N/A	N/A	
19	6750000	6775000	N/A	N/A	N/A	
19	6775000	6800000	N/A	N/A	N/A	
19	6800000	6825000	0	0	0	
19	6825000	6850000	0	0	0	
19	6850000	6875000	0	0	0	
19	6875000	6900000	0	0	0	
19	6900000	6925000	0	0	0	
19	6925000	6950000	0	0	0	
19	6950000	6975000	0	0	0	
19	6975000	7000000	0	0	0	
19	7000000	7025000	0	0	0	
19	7025000	7050000	0	0	0	
19	7050000	7075000	0	0	1	
19	7075000	7100000	0	0	0	
19	7100000	7125000	0	0	0	
19	7125000	7150000	0	0	0	
19	7150000	7175000	0	0	0	
19	7175000	7200000	0	0	0	
19	7200000	7225000	0	0	0	
19	7225000	7250000	1	1	1	
19	7250000	7275000	0	0	0	
19	7275000	7300000	0	0	0	
19	7300000	7325000	0	0	0	
19	7325000	7350000	0	0	0	
19	7350000	7375000	0	0	0	
19	7375000	7400000	0	0	0	
19	7400000	7425000	0	0	0	
19	7425000	7450000	1	1	1	
19	7450000	7475000	1	1	0	
19	7475000	7500000	1	1	0	
19	7500000	7525000	1	1	1	
19	7525000	7550000	0	0	0	
19	7550000	7575000	0	0	0	
19	7575000	7600000	0	0	0	
19	7600000	7625000	0	0	0	
19	7625000	7650000	1	0	1	
19	7650000	7675000	0	1	1	
19	7675000	7700000	1	1	1	
19	7700000	7725000	0	0	0	
19	7725000	7750000	0	0	0	
19	7750000	7775000	0	0	0	
19	7775000	7800000	0	0	0	
19	7800000	7825000	0	0	0	
19	7825000	7850000	0	0	0	
19	7850000	7875000	0	0	0	
19	7875000	7900000	0	0	0	
19	7900000	7925000	0	0	0	
19	7925000	7950000	0	0	0	
19	7950000	7975000	0	0	0	
19	7975000	8000000	0	0	0	
19	8000000	8025000	0	0	0	
19	8025000	8050000	0	0	0	
19	8050000	8075000	0	0	0	
19	8075000	8100000	0	0	0	
19	8100000	8125000	0	0	0	
19	8125000	8150000	0	0	0	
19	8150000	8175000	0	0	0	
19	8175000	8200000	0	0	0	
19	8200000	8225000	0	0	0	
19	8225000	8250000	0	0	0	
19	8250000	8275000	0	0	0	
19	8275000	8300000	0	0	0	
19	8300000	8325000	0	0	0	
19	8325000	8350000	0	0	0	
19	8350000	8375000	0	0	0	
19	8375000	8400000	0	0	0	
19	8400000	8425000	0	0	0	
19	8425000	8450000	0	0	0	
19	8450000	8475000	0	0	0	
19	8475000	8500000	0	0	0	
19	8500000	8525000	0	0	1	
19	8525000	8550000	1	1	1	
19	8550000	8575000	1	1	1	
19	8575000	8600000	0	0	0	
19	8600000	8625000	0	0	0	
19	8625000	8650000	0	0	0	
19	8650000	8675000	0	0	0	
19	8675000	8700000	0	0	0	
19	8700000	8725000	1	1	1	
19	8725000	8750000	1	1	1	
19	8750000	8775000	0	0	0	
19	8775000	8800000	0	0	0	
19	8800000	8825000	0	0	0	
19	8825000	8850000	0	0	0	
19	8850000	8875000	0	0	0	
19	8875000	8900000	0	0	0	
19	8900000	8925000	0	0	0	
19	8925000	8950000	0	0	0	
19	8950000	8975000	1	1	1	
19	8975000	9000000	1	1	1	
19	9000000	9025000	0	0	0	
19	9025000	9050000	0	0	0	
19	9050000	9075000	0	0	0	
19	9075000	9100000	0	0	0	
19	9100000	9125000	0	0	0	
19	9125000	9150000	1	1	1	
19	9150000	9175000	1	1	1	
19	9175000	9200000	0	0	1	
19	9200000	9225000	0	0	0	
19	9225000	9250000	0	0	0	
19	9250000	9275000	0	0	0	
19	9275000	9300000	0	0	0	
19	9300000	9325000	0	0	0	
19	9325000	9350000	0	0	0	
19	9350000	9375000	0	0	0	
19	9375000	9400000	0	0	0	
19	9400000	9425000	0	0	0	
19	9425000	9450000	0	0	0	
19	9450000	9475000	0	0	0	
19	9475000	9500000	0	0	0	
19	9500000	9525000	0	0	0	
19	9525000	9550000	0	0	0	
19	9550000	9575000	0	0	0	
19	9575000	9600000	0	0	0	
19	9600000	9625000	0	0	0	
19	9625000	9650000	0	0	0	
19	9650000	9675000	0	0	0	
19	9675000	9700000	0	0	0	
19	9700000	9725000	0	0	0	
19	9725000	9750000	0	0	0	
19	9750000	9775000	0	0	0	
19	9775000	9800000	0	0	0	
19	9800000	9825000	0	0	0	
19	9825000	9850000	1	1	1	
19	9850000	9875000	1	1	0	
19	9875000	9900000	1	1	1	
19	9900000	9925000	1	1	1	
19	9925000	9950000	0	0	0	
19	9950000	9975000	0	0	0	
19	9975000	10000000	0	0	0	
19	10000000	10025000	0	0	0	
19	10025000	10050000	0	0	0	
19	10050000	10075000	0	0	0	
19	10075000	10100000	0	0	0	
19	10100000	10125000	0	0	0	
19	10125000	10150000	0	0	0	
19	10150000	10175000	0	0	0	
19	10175000	10200000	0	0	0	
19	10200000	10225000	1	1	1	
19	10225000	10250000	1	1	1	
19	10250000	10275000	1	1	1	
19	10275000	10300000	0	0	0	
19	10300000	10325000	0	0	0	
19	10325000	10350000	0	0	0	
19	10350000	10375000	0	0	0	
19	10375000	10400000	0	0	0	
19	10400000	10425000	0	0	0	
19	10425000	10450000	0	0	0	
19	10450000	10475000	0	0	0	
19	10475000	10500000	0	0	0	
19	10500000	10525000	1	0	0	
19	10525000	10550000	1	1	1	
19	10550000	10575000	0	0	0	
19	10575000	10600000	0	0	0	
19	10600000	10625000	0	0	0	
19	10625000	10650000	0	0	0	
19	10650000	10675000	0	0	0	
19	10675000	10700000	0	0	0	
19	10700000	10725000	0	0	0	
19	10725000	10750000	0	0	0	
19	10750000	10775000	0	0	0	
19	10775000	10800000	0	0	0	
19	10800000	10825000	0	0	0	
19	10825000	10850000	0	0	0	
19	10850000	10875000	0	0	0	
19	10875000	10900000	0	0	0	
19	10900000	10925000	0	0	0	
19	10925000	10950000	0	0	0	
19	10950000	10975000	0	0	0	
19	10975000	11000000	1	1	1	
19	11000000	11025000	1	1	1	
19	11025000	11050000	1	1	1	
19	11050000	11075000	0	0	0	
19	11075000	11100000	0	0	0	
19	11100000	11125000	0	0	0	
19	11125000	11150000	0	0	0	
19	11150000	11175000	0	0	0	
19	11175000	11200000	0	0	0	
19	11200000	11225000	0	0	0	
19	11225000	11250000	0	0	0	
19	11250000	11275000	0	0	0	
19	11275000	11300000	0	0	0	
19	11300000	11325000	0	0	0	
19	11325000	11350000	0	0	0	
19	11350000	11375000	0	0	0	
19	11375000	11400000	0	0	0	
19	11400000	11425000	0	0	0	
19	11425000	11450000	0	0	0	
19	11450000	11475000	0	0	0	
19	11475000	11500000	0	0	0	
19	11500000	11525000	0	0	0	
19	11525000	11550000	0	0	0	
19	11550000	11575000	0	0	0	
19	11575000	11600000	0	0	0	
19	11600000	11625000	1	1	1	
19	11625000	11650000	0	0	0	
19	11650000	11675000	0	0	0	
19	11675000	11700000	0	0	0	
19	11700000	11725000	0	0	0	
19	11725000	11750000	0	0	0	
19	11750000	11775000	0	0	0	
19	11775000	11800000	1	0	0	
19	11800000	11825000	0	0	0	
19	11825000	11850000	0	0	0	
19	11850000	11875000	0	0	0	
19	11875000	11900000	0	0	0	
19	11900000	11925000	0	0	0	
19	11925000	11950000	0	0	0	
19	11950000	11975000	0	0	0	
19	11975000	12000000	0	0	0	
19	12000000	12025000	1	1	0	
19	12025000	12050000	1	1	1	
19	12050000	12075000	0	0	0	
19	12075000	12100000	0	0	0	
19	12100000	12125000	0	0	0	
19	12125000	12150000	0	0	0	
19	12150000	12175000	0	0	0	
19	12175000	12200000	0	0	0	
19	12200000	12225000	0	0	0	
19	12225000	12250000	0	0	0	
19	12250000	12275000	0	0	0	
19	12275000	12300000	0	0	0	
19	12300000	12325000	0	0	0	
19	12325000	12350000	0	0	0	
19	12350000	12375000	0	0	0	
19	12375000	12400000	0	0	0	
19	12400000	12425000	0	0	0	
19	12425000	12450000	1	1	1	
19	12450000	12475000	1	1	1	
19	12475000	12500000	0	0	0	
19	12500000	12525000	0	0	0	
19	12525000	12550000	0	0	0	
19	12550000	12575000	0	0	0	
19	12575000	12600000	0	0	0	
19	12600000	12625000	0	0	0	
19	12625000	12650000	0	0	0	
19	12650000	12675000	0	0	0	
19	12675000	12700000	0	0	0	
19	12700000	12725000	0	0	0	
19	12725000	12750000	0	0	0	
19	12750000	12775000	0	0	0	
19	12775000	12800000	0	0	0	
19	12800000	12825000	1	0	0	
19	12825000	12850000	1	1	1	
19	12850000	12875000	1	1	1	
19	12875000	12900000	0	1	1	
19	12900000	12925000	0	0	0	
19	12925000	12950000	0	0	0	
19	12950000	12975000	0	0	0	
19	12975000	13000000	0	0	0	
19	13000000	13025000	0	0	0	
19	13025000	13050000	0	0	0	
19	13050000	13075000	1	0	0	
19	13075000	13100000	0	0	0	
19	13100000	13125000	0	0	0	
19	13125000	13150000	0	0	0	
19	13150000	13175000	0	0	0	
19	13175000	13200000	0	0	0	
19	13200000	13225000	0	0	0	
19	13225000	13250000	0	0	0	
19	13250000	13275000	0	0	0	
19	13275000	13300000	0	0	0	
19	13300000	13325000	0	0	0	
19	13325000	13350000	0	0	0	
19	13350000	13375000	0	0	0	
19	13375000	13400000	0	0	0	
19	13400000	13425000	0	0	0	
19	13425000	13450000	0	0	0	
19	13450000	13475000	0	0	0	
19	13475000	13500000	0	0	0	
19	13500000	13525000	0	0	0	
19	13525000	13550000	0	0	0	
19	13550000	13575000	0	0	0	
19	13575000	13600000	0	0	0	
19	13600000	13625000	0	0	0	
19	13625000	13650000	0	0	0	
19	13650000	13675000	0	0	0	
19	13675000	13700000	0	0	0	
19	13700000	13725000	0	0	0	
19	13725000	13750000	0	0	0	
19	13750000	13775000	0	0	0	
19	13775000	13800000	0	0	0	
19	13800000	13825000	0	0	0	
19	13825000	13850000	0	0	0	
19	13850000	13875000	0	0	0	
19	13875000	13900000	0	0	0	
19	13900000	13925000	1	0	0	
19	13925000	13950000	0	1	1	
19	13950000	13975000	0	1	1	
19	13975000	14000000	0	1	1	
19	14000000	14025000	0	0	1	
19	14025000	14050000	0	0	0	
19	14050000	14075000	0	0	0	
19	14075000	14100000	0	0	0	
19	14100000	14125000	0	0	0	
19	14125000	14150000	0	0	0	
19	14150000	14175000	0	0	0	
19	14175000	14200000	0	0	0	
19	14200000	14225000	0	0	0	
19	14225000	14250000	0	0	0	
19	14250000	14275000	0	0	0	
19	14275000	14300000	0	0	0	
19	14300000	14325000	0	0	0	
19	14325000	14350000	0	0	0	
19	14350000	14375000	0	0	0	
19	14375000	14400000	0	0	0	
19	14400000	14425000	0	0	0	
19	14425000	14450000	0	0	0	
19	14450000	14475000	0	0	0	
19	14475000	14500000	0	0	0	
19	14500000	14525000	0	0	0	
19	14525000	14550000	0	0	0	
19	14550000	14575000	0	0	0	
19	14575000	14600000	0	0	0	
19	14600000	14625000	0	1	1	
19	14625000	14650000	0	0	0	
19	14650000	14675000	0	0	0	
19	14675000	14700000	0	0	0	
19	14700000	14725000	0	0	0	
19	14725000	14750000	0	0	0	
19	14750000	14775000	0	0	0	
19	14775000	14800000	0	0	0	
19	14800000	14825000	0	0	0	
19	14825000	14850000	0	0	0	
19	14850000	14875000	0	0	0	
19	14875000	14900000	0	0	0	
19	14900000	14925000	0	0	0	
19	14925000	14950000	0	0	0	
19	14950000	14975000	0	0	0	
19	14975000	15000000	0	0	0	
19	15000000	15025000	0	0	0	
19	15025000	15050000	0	0	0	
19	15050000	15075000	1	1	1	
19	15075000	15100000	1	1	0	
19	15100000	15125000	0	0	0	
19	15125000	15150000	0	0	0	
19	15150000	15175000	0	0	0	
19	15175000	15200000	0	0	0	
19	15200000	15225000	0	0	0	
19	15225000	15250000	0	0	0	
19	15250000	15275000	0	0	0	
19	15275000	15300000	0	0	0	
19	15300000	15325000	0	0	0	
19	15325000	15350000	0	0	0	
19	15350000	15375000	0	0	0	
19	15375000	15400000	0	0	0	
19	15400000	15425000	0	0	0	
19	15425000	15450000	0	0	0	
19	15450000	15475000	0	0	0	
19	15475000	15500000	0	0	0	
19	15500000	15525000	0	0	0	
19	15525000	15550000	0	0	0	
19	15550000	15575000	0	0	0	
19	15575000	15600000	0	0	0	
19	15600000	15625000	0	0	0	
19	15625000	15650000	0	0	0	
19	15650000	15675000	0	0	0	
19	15675000	15700000	0	0	0	
19	15700000	15725000	0	0	0	
19	15725000	15750000	0	0	0	
19	15750000	15775000	0	0	0	
19	15775000	15800000	0	0	0	
19	15800000	15825000	0	0	0	
19	15825000	15850000	0	0	0	
19	15850000	15875000	0	0	0	
19	15875000	15900000	0	0	0	
19	15900000	15925000	0	0	0	
19	15925000	15950000	0	0	0	
19	15950000	15975000	0	0	0	
19	15975000	16000000	0	1	1	
19	16000000	16025000	1	1	1	
19	16025000	16050000	1	0	0	
19	16050000	16075000	0	0	0	
19	16075000	16100000	0	0	0	
19	16100000	16125000	0	0	0	
19	16125000	16150000	0	0	0	
19	16150000	16175000	0	0	0	
19	16175000	16200000	0	0	0	
19	16200000	16225000	0	0	0	
19	16225000	16250000	0	0	0	
19	16250000	16275000	0	0	0	
19	16275000	16300000	0	0	0	
19	16300000	16325000	0	0	0	
19	16325000	16350000	1	0	0	
19	16350000	16375000	1	1	1	
19	16375000	16400000	0	0	0	
19	16400000	16425000	0	0	0	
19	16425000	16450000	0	0	0	
19	16450000	16475000	0	0	0	
19	16475000	16500000	0	0	0	
19	16500000	16525000	0	0	0	
19	16525000	16550000	0	0	0	
19	16550000	16575000	0	0	0	
19	16575000	16600000	0	0	0	
19	16600000	16625000	1	1	1	
19	16625000	16650000	1	1	1	
19	16650000	16675000	0	0	0	
19	16675000	16700000	0	0	0	
19	16700000	16725000	0	0	0	
19	16725000	16750000	0	0	0	
19	16750000	16775000	0	0	0	
19	16775000	16800000	0	0	0	
19	16800000	16825000	1	1	1	
19	16825000	16850000	0	0	0	
19	16850000	16875000	0	0	0	
19	16875000	16900000	0	0	0	
19	16900000	16925000	0	0	0	
19	16925000	16950000	0	0	0	
19	16950000	16975000	0	0	0	
19	16975000	17000000	0	0	0	
19	17000000	17025000	0	0	0	
19	17025000	17050000	0	0	0	
19	17050000	17075000	0	0	0	
19	17075000	17100000	0	1	0	
19	17100000	17125000	0	0	0	
19	17125000	17150000	0	0	0	
19	17150000	17175000	0	0	0	
19	17175000	17200000	0	0	0	
19	17200000	17225000	0	0	0	
19	17225000	17250000	0	0	0	
19	17250000	17275000	0	0	0	
19	17275000	17300000	0	0	0	
19	17300000	17325000	0	0	0	
19	17325000	17350000	0	0	0	
19	17350000	17375000	0	0	0	
19	17375000	17400000	0	0	0	
19	17400000	17425000	1	1	1	
19	17425000	17450000	1	1	1	
19	17450000	17475000	1	1	1	
19	17475000	17500000	0	0	0	
19	17500000	17525000	0	0	0	
19	17525000	17550000	0	0	0	
19	17550000	17575000	0	0	0	
19	17575000	17600000	0	0	0	
19	17600000	17625000	0	0	0	
19	17625000	17650000	0	0	0	
19	17650000	17675000	0	0	0	
19	17675000	17700000	0	0	0	
19	17700000	17725000	0	0	0	
19	17725000	17750000	0	0	0	
19	17750000	17775000	0	0	0	
19	17775000	17800000	0	0	0	
19	17800000	17825000	0	0	0	
19	17825000	17850000	0	0	0	
19	17850000	17875000	0	1	1	
19	17875000	17900000	0	0	0	
19	17900000	17925000	0	0	0	
19	17925000	17950000	0	0	0	
19	17950000	17975000	0	0	0	
19	17975000	18000000	0	0	0	
19	18000000	18025000	0	0	0	
19	18025000	18050000	0	0	0	
19	18050000	18075000	0	0	0	
19	18075000	18100000	0	0	0	
19	18100000	18125000	0	0	0	
19	18125000	18150000	0	0	0	
19	18150000	18175000	0	0	0	
19	18175000	18200000	0	0	0	
19	18200000	18225000	0	0	0	
19	18225000	18250000	0	0	0	
19	18250000	18275000	0	0	0	
19	18275000	18300000	0	0	0	
19	18300000	18325000	0	0	0	
19	18325000	18350000	0	0	0	
19	18350000	18375000	0	0	0	
19	18375000	18400000	0	0	0	
19	18400000	18425000	0	0	0	
19	18425000	18450000	0	0	0	
19	18450000	18475000	0	0	0	
19	18475000	18500000	0	0	0	
19	18500000	18525000	0	0	0	
19	18525000	18550000	0	0	0	
19	18550000	18575000	1	1	1	
19	18575000	18600000	1	0	0	
19	18600000	18625000	0	0	0	
19	18625000	18650000	0	0	0	
19	18650000	18675000	0	0	0	
19	18675000	18700000	0	0	0	
19	18700000	18725000	0	0	0	
19	18725000	18750000	0	0	0	
19	18750000	18775000	0	0	0	
19	18775000	18800000	0	0	0	
19	18800000	18825000	0	0	0	
19	18825000	18850000	0	0	0	
19	18850000	18875000	1	1	1	
19	18875000	18900000	1	1	1	
19	18900000	18925000	0	0	0	
19	18925000	18950000	0	0	0	
19	18950000	18975000	0	0	0	
19	18975000	19000000	0	0	0	
19	19000000	19025000	0	0	0	
19	19025000	19050000	0	0	0	
19	19050000	19075000	0	0	0	
19	19075000	19100000	0	0	0	
19	19100000	19125000	0	0	0	
19	19125000	19150000	0	0	0	
19	19150000	19175000	0	0	0	
19	19175000	19200000	0	0	0	
19	19200000	19225000	0	0	0	
19	19225000	19250000	0	0	0	
19	19250000	19275000	0	0	0	
19	19275000	19300000	0	0	0	
19	19300000	19325000	0	0	0	
19	19325000	19350000	0	0	0	
19	19350000	19375000	0	0	0	
19	19375000	19400000	0	0	0	
19	19400000	19425000	0	0	0	
19	19425000	19450000	0	0	0	
19	19450000	19475000	0	0	0	
19	19475000	19500000	0	0	0	
19	19500000	19525000	0	0	0	
19	19525000	19550000	0	0	0	
19	19550000	19575000	0	0	0	
19	19575000	19600000	0	0	0	
19	19600000	19625000	0	0	0	
19	19625000	19650000	0	0	0	
19	19650000	19675000	0	0	0	
19	19675000	19700000	0	0	0	
19	19700000	19725000	0	0	0	
19	19725000	19750000	0	0	0	
19	19750000	19775000	0	0	0	
19	19775000	19800000	0	0	0	
19	19800000	19825000	0	0	0	
19	19825000	19850000	0	0	0	
19	19850000	19875000	0	0	0	
19	19875000	19900000	0	0	0	
19	19900000	19925000	0	0	0	
19	19925000	19950000	0	0	0	
19	19950000	19975000	0	0	0	
19	19975000	20000000	0	0	0	
19	20000000	20025000	0	0	0	
19	20025000	20050000	0	0	0	
19	20050000	20075000	0	0	0	
19	20075000	20100000	0	0	0	
19	20100000	20125000	0	0	0	
19	20125000	20150000	0	0	0	
19	20150000	20175000	0	0	0	
19	20175000	20200000	0	0	0	
19	20200000	20225000	0	0	0	
19	20225000	20250000	0	0	0	
19	20250000	20275000	0	0	0	
19	20275000	20300000	0	0	0	
19	20300000	20325000	0	0	0	
19	20325000	20350000	1	1	1	
19	20350000	20375000	1	1	1	
19	20375000	20400000	0	0	1	
19	20400000	20425000	0	0	0	
19	20425000	20450000	0	0	0	
19	20450000	20475000	0	0	0	
19	20475000	20500000	0	0	0	
19	20500000	20525000	0	0	0	
19	20525000	20550000	0	0	0	
19	20550000	20575000	0	0	0	
19	20575000	20600000	0	0	0	
19	20600000	20625000	0	0	0	
19	20625000	20650000	0	0	0	
19	20650000	20675000	0	0	0	
19	20675000	20700000	0	0	0	
19	20700000	20725000	0	0	0	
19	20725000	20750000	0	0	0	
19	20750000	20775000	0	0	0	
19	20775000	20800000	1	1	1	
19	20800000	20825000	0	0	1	
19	20825000	20850000	0	0	0	
19	20850000	20875000	0	0	0	
19	20875000	20900000	0	0	0	
19	20900000	20925000	0	0	0	
19	20925000	20950000	0	0	0	
19	20950000	20975000	0	0	0	
19	20975000	21000000	0	0	0	
19	21000000	21025000	0	0	0	
19	21025000	21050000	0	0	0	
19	21050000	21075000	0	0	0	
19	21075000	21100000	0	0	0	
19	21100000	21125000	0	0	0	
19	21125000	21150000	0	0	0	
19	21150000	21175000	0	0	0	
19	21175000	21200000	0	0	0	
19	21200000	21225000	0	0	0	
19	21225000	21250000	0	0	0	
19	21250000	21275000	0	0	0	
19	21275000	21300000	0	1	1	
19	21300000	21325000	0	1	0	
19	21325000	21350000	0	0	0	
19	21350000	21375000	0	1	0	
19	21375000	21400000	1	1	0	
19	21400000	21425000	0	0	0	
19	21425000	21450000	0	0	0	
19	21450000	21475000	0	0	0	
19	21475000	21500000	0	0	0	
19	21500000	21525000	0	0	0	
19	21525000	21550000	0	0	0	
19	21550000	21575000	1	1	1	
19	21575000	21600000	1	1	1	
19	21600000	21625000	0	0	0	
19	21625000	21650000	0	0	0	
19	21650000	21675000	0	0	0	
19	21675000	21700000	0	0	0	
19	21700000	21725000	0	0	0	
19	21725000	21750000	0	0	0	
19	21750000	21775000	1	0	0	
19	21775000	21800000	1	1	1	
19	21800000	21825000	0	0	0	
19	21825000	21850000	0	0	0	
19	21850000	21875000	0	0	0	
19	21875000	21900000	0	0	0	
19	21900000	21925000	0	0	0	
19	21925000	21950000	0	0	0	
19	21950000	21975000	0	0	0	
19	21975000	22000000	0	0	0	
19	22000000	22025000	0	0	0	
19	22025000	22050000	0	0	0	
19	22050000	22075000	0	0	0	
19	22075000	22100000	0	0	0	
19	22100000	22125000	0	0	0	
19	22125000	22150000	0	0	0	
19	22150000	22175000	0	0	0	
19	22175000	22200000	0	0	0	
19	22200000	22225000	0	0	0	
19	22225000	22250000	0	0	0	
19	22250000	22275000	0	0	0	
19	22275000	22300000	0	0	0	
19	22300000	22325000	1	1	1	
19	22325000	22350000	1	1	1	
19	22350000	22375000	0	0	0	
19	22375000	22400000	0	0	0	
19	22400000	22425000	0	0	0	
19	22425000	22450000	0	0	0	
19	22450000	22475000	0	0	0	
19	22475000	22500000	0	0	0	
19	22500000	22525000	0	0	0	
19	22525000	22550000	0	0	0	
19	22550000	22575000	0	0	0	
19	22575000	22600000	0	0	0	
19	22600000	22625000	0	0	0	
19	22625000	22650000	0	0	0	
19	22650000	22675000	0	0	0	
19	22675000	22700000	0	0	0	
19	22700000	22725000	0	0	0	
19	22725000	22750000	0	0	0	
19	22750000	22775000	0	0	0	
19	22775000	22800000	0	0	0	
19	22800000	22825000	0	0	0	
19	22825000	22850000	0	0	0	
19	22850000	22875000	0	0	0	
19	22875000	22900000	1	1	1	
19	22900000	22925000	1	1	1	
19	22925000	22950000	0	1	1	
19	22950000	22975000	0	0	0	
19	22975000	23000000	0	0	0	
19	23000000	23025000	0	0	0	
19	23025000	23050000	0	0	0	
19	23050000	23075000	0	0	0	
19	23075000	23100000	0	0	0	
19	23100000	23125000	0	0	0	
19	23125000	23150000	0	0	0	
19	23150000	23175000	0	0	0	
19	23175000	23200000	0	0	0	
19	23200000	23225000	0	0	0	
19	23225000	23250000	0	0	0	
19	23250000	23275000	0	0	0	
19	23275000	23300000	1	1	0	
19	23300000	23325000	0	0	0	
19	23325000	23350000	0	0	0	
19	23350000	23375000	0	0	0	
19	23375000	23400000	0	0	0	
19	23400000	23425000	0	0	0	
19	23425000	23450000	0	0	0	
19	23450000	23475000	0	0	0	
19	23475000	23500000	0	0	0	
19	23500000	23525000	0	0	0	
19	23525000	23550000	0	0	0	
19	23550000	23575000	1	0	0	
19	23575000	23600000	0	0	0	
19	23600000	23625000	0	0	0	
19	23625000	23650000	0	0	0	
19	23650000	23675000	0	0	0	
19	23675000	23700000	0	0	0	
19	23700000	23725000	0	0	0	
19	23725000	23750000	0	0	0	
19	23750000	23775000	0	0	0	
19	23775000	23800000	0	0	0	
19	23800000	23825000	0	0	0	
19	23825000	23850000	0	0	0	
19	23850000	23875000	0	0	0	
19	23875000	23900000	0	0	0	
19	23900000	23925000	0	0	0	
19	23925000	23950000	0	0	0	
19	23950000	23975000	0	0	0	
19	23975000	24000000	0	0	1	
19	24000000	24025000	0	0	0	
19	24025000	24050000	0	0	0	
19	24050000	24075000	0	0	0	
19	24075000	24100000	0	0	0	
19	24100000	24125000	0	0	0	
19	24125000	24150000	0	0	0	
19	24150000	24175000	0	0	0	
19	24175000	24200000	0	0	0	
19	24200000	24225000	0	0	0	
19	24225000	24250000	0	0	0	
19	24250000	24275000	0	0	0	
19	24275000	24300000	1	1	1	
19	24300000	24325000	1	1	1	
19	24325000	24350000	0	0	0	
19	24350000	24375000	0	0	0	
19	24375000	24400000	0	0	0	
19	24400000	24425000	0	0	0	
19	24425000	24450000	0	0	0	
19	24450000	24475000	0	0	0	
19	24475000	24500000	0	0	0	
19	24500000	24525000	0	0	0	
19	24525000	24550000	0	0	0	
19	24550000	24575000	0	0	0	
19	24575000	24600000	0	0	0	
19	24600000	24625000	0	0	0	
19	24625000	24650000	0	0	0	
19	24650000	24675000	0	0	0	
19	24675000	24700000	0	0	0	
19	24700000	24725000	0	0	0	
19	24725000	24750000	0	0	0	
19	24750000	24775000	0	0	0	
19	24775000	24800000	0	0	0	
19	24800000	24825000	0	0	0	
19	24825000	24850000	0	0	0	
19	24850000	24875000	0	0	0	
19	24875000	24900000	1	1	1	
19	24900000	24925000	1	1	1	
19	24925000	24950000	1	1	1	
19	24950000	24975000	0	1	1	
19	24975000	25000000	0	0	0	
19	25000000	25025000	0	0	0	
19	25025000	25050000	0	0	0	
19	25050000	25075000	0	0	0	
19	25075000	25100000	0	0	0	
19	25100000	25125000	1	1	1	
19	25125000	25150000	0	1	1	
19	25150000	25175000	0	0	0	
19	25175000	25200000	0	0	0	
19	25200000	25225000	0	0	0	
19	25225000	25250000	0	0	0	
19	25250000	25275000	0	0	0	
19	25275000	25300000	0	0	0	
19	25300000	25325000	0	0	0	
19	25325000	25350000	1	0	0	
19	25350000	25375000	0	0	0	
19	25375000	25400000	0	0	0	
19	25400000	25425000	0	0	0	
19	25425000	25450000	0	0	0	
19	25450000	25475000	0	1	0	
19	25475000	25500000	0	0	0	
19	25500000	25525000	0	0	0	
19	25525000	25550000	0	0	0	
19	25550000	25575000	0	0	0	
19	25575000	25600000	0	0	0	
19	25600000	25625000	0	0	0	
19	25625000	25650000	0	0	0	
19	25650000	25675000	1	1	1	
19	25675000	25700000	1	1	1	
19	25700000	25725000	0	0	0	
19	25725000	25750000	0	0	0	
19	25750000	25775000	0	0	0	
19	25775000	25800000	0	0	0	
19	25800000	25825000	0	0	0	
19	25825000	25850000	0	0	0	
19	25850000	25875000	0	0	0	
19	25875000	25900000	0	0	0	
19	25900000	25925000	0	0	0	
19	25925000	25950000	0	0	0	
19	25950000	25975000	0	0	0	
19	25975000	26000000	0	0	0	
19	26000000	26025000	0	0	0	
19	26025000	26050000	0	0	0	
19	26050000	26075000	0	0	0	
19	26075000	26100000	0	0	0	
19	26100000	26125000	0	0	0	
19	26125000	26150000	0	0	0	
19	26150000	26175000	0	0	0	
19	26175000	26200000	0	0	0	
19	26200000	26225000	1	0	0	
19	26225000	26250000	0	0	0	
19	26250000	26275000	0	0	0	
19	26275000	26300000	0	0	0	
19	26300000	26325000	0	0	0	
19	26325000	26350000	0	0	0	
19	26350000	26375000	0	0	0	
19	26375000	26400000	0	0	0	
19	26400000	26425000	0	0	0	
19	26425000	26450000	0	0	0	
19	26450000	26475000	0	0	0	
19	26475000	26500000	0	0	0	
19	26500000	26525000	0	0	0	
19	26525000	26550000	0	0	0	
19	26550000	26575000	0	0	0	
19	26575000	26600000	0	0	0	
19	26600000	26625000	1	0	0	
19	26625000	26650000	0	0	0	
19	26650000	26675000	0	0	0	
19	26675000	26700000	0	0	0	
19	26700000	26725000	0	1	1	
19	26725000	26750000	0	1	1	
19	26750000	26775000	0	0	0	
19	26775000	26800000	0	0	0	
19	26800000	26825000	0	0	0	
19	26825000	26850000	0	0	0	
19	26850000	26875000	0	0	0	
19	26875000	26900000	0	0	0	
19	26900000	26925000	0	0	0	
19	26925000	26950000	0	0	0	
19	26950000	26975000	0	0	0	
19	26975000	27000000	0	0	0	
19	27000000	27025000	0	0	0	
19	27025000	27050000	0	0	0	
19	27050000	27075000	0	0	0	
19	27075000	27100000	0	0	0	
19	27100000	27125000	0	0	0	
19	27125000	27150000	0	0	0	
19	27150000	27175000	0	0	0	
19	27175000	27200000	0	0	0	
19	27200000	27225000	0	0	1	
19	27225000	27250000	0	1	1	
19	27250000	27275000	0	0	0	
19	27275000	27300000	0	0	0	
19	27300000	27325000	0	0	0	
19	27325000	27350000	0	0	0	
19	27350000	27375000	0	0	0	
19	27375000	27400000	0	0	0	
19	27400000	27425000	1	0	0	
19	27425000	27450000	1	1	1	
19	27450000	27475000	1	1	1	
19	27475000	27500000	0	0	0	
19	27500000	27525000	0	0	0	
19	27525000	27550000	0	0	0	
19	27550000	27575000	0	0	0	
19	27575000	27600000	0	0	0	
19	27600000	27625000	0	0	0	
19	27625000	27650000	0	0	0	
19	27650000	27675000	0	0	0	
19	27675000	27700000	0	0	0	
19	27700000	27725000	1	0	0	
19	27725000	27750000	0	0	0	
19	27750000	27775000	0	0	0	
19	27775000	27800000	0	0	0	
19	27800000	27825000	0	0	0	
19	27825000	27850000	0	0	0	
19	27850000	27875000	0	0	0	
19	27875000	27900000	0	0	0	
19	27900000	27925000	0	0	0	
19	27925000	27950000	0	0	0	
19	27950000	27975000	0	0	0	
19	27975000	28000000	0	0	0	
19	28000000	28025000	0	0	1	
19	28025000	28050000	0	0	1	
19	28050000	28075000	0	0	0	
19	28075000	28100000	0	0	0	
19	28100000	28125000	0	0	0	
19	28125000	28150000	0	0	0	
19	28150000	28175000	0	0	0	
19	28175000	28200000	0	0	0	
19	28200000	28225000	0	0	0	
19	28225000	28250000	0	0	0	
19	28250000	28275000	0	0	0	
19	28275000	28300000	0	0	0	
19	28300000	28325000	0	0	0	
19	28325000	28350000	0	0	0	
19	28350000	28375000	0	0	0	
19	28375000	28400000	0	0	0	
19	28400000	28425000	0	0	0	
19	28425000	28450000	0	0	0	
19	28450000	28475000	0	0	0	
19	28475000	28500000	0	0	0	
19	28500000	28525000	0	0	0	
19	28525000	28550000	0	0	0	
19	28550000	28575000	0	0	0	
19	28575000	28600000	0	0	0	
19	28600000	28625000	0	0	0	
19	28625000	28650000	0	0	0	
19	28650000	28675000	0	0	0	
19	28675000	28700000	0	0	0	
19	28700000	28725000	0	0	0	
19	28725000	28750000	0	0	0	
19	28750000	28775000	1	1	1	
19	28775000	28800000	1	1	1	
19	28800000	28825000	0	0	0	
19	28825000	28850000	0	0	0	
19	28850000	28875000	0	0	0	
19	28875000	28900000	0	0	0	
19	28900000	28925000	0	0	0	
19	28925000	28950000	0	0	0	
19	28950000	28975000	0	0	0	
19	28975000	29000000	0	0	0	
19	29000000	29025000	0	0	0	
19	29025000	29050000	0	0	0	
19	29050000	29075000	1	0	0	
19	29075000	29100000	0	0	0	
19	29100000	29125000	0	0	0	
19	29125000	29150000	0	0	0	
19	29150000	29175000	0	0	0	
19	29175000	29200000	0	0	0	
19	29200000	29225000	0	0	0	
19	29225000	29250000	0	0	0	
19	29250000	29275000	0	0	0	
19	29275000	29300000	0	0	0	
19	29300000	29325000	0	0	0	
19	29325000	29350000	0	0	0	
19	29350000	29375000	0	0	0	
19	29375000	29400000	1	1	1	
19	29400000	29425000	0	0	0	
19	29425000	29450000	0	0	0	
19	29450000	29475000	0	0	0	
19	29475000	29500000	0	0	0	
19	29500000	29525000	0	0	0	
19	29525000	29550000	1	0	0	
19	29550000	29575000	0	0	0	
19	29575000	29600000	0	0	0	
19	29600000	29625000	0	0	0	
19	29625000	29650000	0	0	0	
19	29650000	29675000	0	0	0	
19	29675000	29700000	0	0	0	
19	29700000	29725000	0	0	0	
19	29725000	29750000	0	0	0	
19	29750000	29775000	0	0	0	
19	29775000	29800000	0	0	0	
19	29800000	29825000	1	1	1	
19	29825000	29850000	1	1	1	
19	29850000	29875000	0	0	0	
19	29875000	29900000	0	0	0	
19	29900000	29925000	0	0	0	
19	29925000	29950000	0	0	0	
19	29950000	29975000	0	0	0	
19	29975000	30000000	0	0	0	
19	30000000	30025000	0	0	0	
19	30025000	30050000	0	1	0	
19	30050000	30075000	0	0	0	
19	30075000	30100000	0	0	0	
19	30100000	30125000	0	0	0	
19	30125000	30150000	0	0	0	
19	30150000	30175000	0	0	0	
19	30175000	30200000	0	0	0	
19	30200000	30225000	1	1	1	
19	30225000	30250000	1	1	1	
19	30250000	30275000	0	0	0	
19	30275000	30300000	0	0	0	
19	30300000	30325000	0	0	0	
19	30325000	30350000	0	0	0	
19	30350000	30375000	0	0	0	
19	30375000	30400000	0	0	0	
19	30400000	30425000	0	0	0	
19	30425000	30450000	0	0	0	
19	30450000	30475000	0	0	0	
19	30475000	30500000	0	0	0	
19	30500000	30525000	0	0	0	
19	30525000	30550000	0	0	0	
19	30550000	30575000	0	0	0	
19	30575000	30600000	1	0	0	
19	30600000	30625000	0	0	0	
19	30625000	30650000	0	0	0	
19	30650000	30675000	0	0	0	
19	30675000	30700000	0	0	0	
19	30700000	30725000	0	0	0	
19	30725000	30750000	0	0	0	
19	30750000	30775000	0	0	0	
19	30775000	30800000	0	0	0	
19	30800000	30825000	0	0	0	
19	30825000	30850000	0	0	0	
19	30850000	30875000	0	0	1	
19	30875000	30900000	0	0	0	
19	30900000	30925000	0	0	0	
19	30925000	30950000	0	0	0	
19	30950000	30975000	0	0	0	
19	30975000	31000000	0	0	0	
19	31000000	31025000	0	0	0	
19	31025000	31050000	0	0	0	
19	31050000	31075000	0	0	0	
19	31075000	31100000	0	0	0	
19	31100000	31125000	0	0	0	
19	31125000	31150000	0	0	0	
19	31150000	31175000	0	0	0	
19	31175000	31200000	0	0	0	
19	31200000	31225000	0	0	0	
19	31225000	31250000	0	0	0	
19	31250000	31275000	0	0	0	
19	31275000	31300000	0	0	0	
19	31300000	31325000	0	0	0	
19	31325000	31350000	0	0	0	
19	31350000	31375000	0	0	0	
19	31375000	31400000	0	0	0	
19	31400000	31425000	0	0	0	
19	31425000	31450000	0	0	0	
19	31450000	31475000	0	0	0	
19	31475000	31500000	0	0	0	
19	31500000	31525000	0	0	0	
19	31525000	31550000	0	0	0	
19	31550000	31575000	0	0	0	
19	31575000	31600000	0	0	0	
19	31600000	31625000	0	0	0	
19	31625000	31650000	0	0	0	
19	31650000	31675000	0	0	1	
19	31675000	31700000	0	1	1	
19	31700000	31725000	0	0	0	
19	31725000	31750000	1	0	0	
19	31750000	31775000	0	0	0	
19	31775000	31800000	0	0	0	
19	31800000	31825000	0	0	0	
19	31825000	31850000	0	0	0	
19	31850000	31875000	0	0	0	
19	31875000	31900000	0	0	0	
19	31900000	31925000	0	0	0	
19	31925000	31950000	0	0	0	
19	31950000	31975000	0	0	0	
19	31975000	32000000	0	0	0	
19	32000000	32025000	0	0	0	
19	32025000	32050000	0	0	0	
19	32050000	32075000	0	0	0	
19	32075000	32100000	0	0	0	
19	32100000	32125000	1	0	0	
19	32125000	32150000	1	0	0	
19	32150000	32175000	0	0	0	
19	32175000	32200000	0	0	0	
19	32200000	32225000	0	0	0	
19	32225000	32250000	0	0	0	
19	32250000	32275000	0	0	0	
19	32275000	32300000	0	0	0	
19	32300000	32325000	0	0	0	
19	32325000	32350000	0	0	0	
19	32350000	32375000	0	0	0	
19	32375000	32400000	0	0	0	
19	32400000	32425000	0	0	0	
19	32425000	32450000	0	0	0	
19	32450000	32475000	0	0	0	
19	32475000	32500000	1	1	0	
19	32500000	32525000	1	1	0	
19	32525000	32550000	0	0	0	
19	32550000	32575000	0	0	0	
19	32575000	32600000	0	0	0	
19	32600000	32625000	0	0	0	
19	32625000	32650000	0	0	0	
19	32650000	32675000	0	0	0	
19	32675000	32700000	0	0	0	
19	32700000	32725000	1	1	1	
19	32725000	32750000	1	1	1	
19	32750000	32775000	0	0	0	
19	32775000	32800000	0	0	0	
19	32800000	32825000	0	0	0	
19	32825000	32850000	0	0	0	
19	32850000	32875000	0	0	0	
19	32875000	32900000	0	0	0	
19	32900000	32925000	0	0	0	
19	32925000	32950000	0	0	0	
19	32950000	32975000	0	0	0	
19	32975000	33000000	0	0	0	
19	33000000	33025000	0	0	0	
19	33025000	33050000	0	0	0	
19	33050000	33075000	0	0	0	
19	33075000	33100000	0	0	0	
19	33100000	33125000	0	0	0	
19	33125000	33150000	0	0	0	
19	33150000	33175000	0	0	0	
19	33175000	33200000	0	0	0	
19	33200000	33225000	0	0	0	
19	33225000	33250000	0	1	0	
19	33250000	33275000	0	0	0	
19	33275000	33300000	0	0	0	
19	33300000	33325000	0	0	0	
19	33325000	33350000	0	0	0	
19	33350000	33375000	0	0	0	
19	33375000	33400000	1	1	1	
19	33400000	33425000	0	1	1	
19	33425000	33450000	0	0	0	
19	33450000	33475000	0	0	0	
19	33475000	33500000	0	0	0	
19	33500000	33525000	0	0	0	
19	33525000	33550000	0	0	0	
19	33550000	33575000	0	0	0	
19	33575000	33600000	0	0	0	
19	33600000	33625000	0	0	0	
19	33625000	33650000	0	0	0	
19	33650000	33675000	0	0	0	
19	33675000	33700000	0	0	0	
19	33700000	33725000	0	0	0	
19	33725000	33750000	0	0	0	
19	33750000	33775000	0	0	0	
19	33775000	33800000	0	0	0	
19	33800000	33825000	0	0	0	
19	33825000	33850000	0	0	0	
19	33850000	33875000	0	0	0	
19	33875000	33900000	0	0	0	
19	33900000	33925000	0	0	0	
19	33925000	33950000	0	0	0	
19	33950000	33975000	0	0	0	
19	33975000	34000000	0	0	0	
19	34000000	34025000	0	0	0	
19	34025000	34050000	0	1	0	
19	34050000	34075000	0	0	0	
19	34075000	34100000	0	0	0	
19	34100000	34125000	0	0	0	
19	34125000	34150000	0	0	0	
19	34150000	34175000	1	0	0	
19	34175000	34200000	0	0	0	
19	34200000	34225000	0	0	0	
19	34225000	34250000	0	1	0	
19	34250000	34275000	0	0	0	
19	34275000	34300000	0	0	0	
19	34300000	34325000	0	0	0	
19	34325000	34350000	1	0	0	
19	34350000	34375000	0	0	0	
19	34375000	34400000	0	0	0	
19	34400000	34425000	0	0	0	
19	34425000	34450000	0	0	0	
19	34450000	34475000	0	0	0	
19	34475000	34500000	0	0	0	
19	34500000	34525000	0	0	0	
19	34525000	34550000	0	0	0	
19	34550000	34575000	0	0	0	
19	34575000	34600000	0	0	0	
19	34600000	34625000	0	0	0	
19	34625000	34650000	0	0	0	
19	34650000	34675000	1	1	1	
19	34675000	34700000	0	0	1	
19	34700000	34725000	0	0	0	
19	34725000	34750000	0	0	0	
19	34750000	34775000	0	0	0	
19	34775000	34800000	0	0	0	
19	34800000	34825000	0	0	0	
19	34825000	34850000	0	0	0	
19	34850000	34875000	0	0	0	
19	34875000	34900000	0	0	0	
19	34900000	34925000	0	0	0	
19	34925000	34950000	0	0	0	
19	34950000	34975000	0	0	0	
19	34975000	35000000	1	1	1	
19	35000000	35025000	1	1	1	
19	35025000	35050000	0	0	0	
19	35050000	35075000	0	0	0	
19	35075000	35100000	0	0	0	
19	35100000	35125000	0	0	0	
19	35125000	35150000	0	0	0	
19	35150000	35175000	0	0	0	
19	35175000	35200000	0	0	0	
19	35200000	35225000	0	0	0	
19	35225000	35250000	0	0	0	
19	35250000	35275000	0	0	0	
19	35275000	35300000	0	0	0	
19	35300000	35325000	0	0	0	
19	35325000	35350000	0	0	0	
19	35350000	35375000	0	0	0	
19	35375000	35400000	0	0	0	
19	35400000	35425000	0	0	0	
19	35425000	35450000	0	0	0	
19	35450000	35475000	0	0	0	
19	35475000	35500000	0	0	0	
19	35500000	35525000	0	0	0	
19	35525000	35550000	0	0	0	
19	35550000	35575000	0	0	0	
19	35575000	35600000	0	0	0	
19	35600000	35625000	0	0	0	
19	35625000	35650000	0	0	0	
19	35650000	35675000	0	0	0	
19	35675000	35700000	0	0	0	
19	35700000	35725000	0	0	0	
19	35725000	35750000	0	0	0	
19	35750000	35775000	0	0	0	
19	35775000	35800000	0	0	0	
19	35800000	35825000	0	0	0	
19	35825000	35850000	0	0	0	
19	35850000	35875000	0	0	0	
19	35875000	35900000	0	0	0	
19	35900000	35925000	0	0	0	
19	35925000	35950000	0	0	0	
19	35950000	35975000	0	0	0	
19	35975000	36000000	0	0	0	
19	36000000	36025000	0	0	0	
19	36025000	36050000	0	0	0	
19	36050000	36075000	0	0	0	
19	36075000	36100000	1	1	1	
19	36100000	36125000	1	1	1	
19	36125000	36150000	0	0	0	
19	36150000	36175000	0	0	0	
19	36175000	36200000	0	0	0	
19	36200000	36225000	0	0	0	
19	36225000	36250000	0	0	0	
19	36250000	36275000	0	0	0	
19	36275000	36300000	0	0	0	
19	36300000	36325000	0	0	0	
19	36325000	36350000	0	0	0	
19	36350000	36375000	0	0	0	
19	36375000	36400000	0	0	0	
19	36400000	36425000	0	0	0	
19	36425000	36450000	0	0	0	
19	36450000	36475000	1	1	0	
19	36475000	36500000	0	0	0	
19	36500000	36525000	0	0	0	
19	36525000	36550000	0	0	1	
19	36550000	36575000	0	0	1	
19	36575000	36600000	0	0	0	
19	36600000	36625000	0	0	0	
19	36625000	36650000	0	0	0	
19	36650000	36675000	0	0	0	
19	36675000	36700000	0	0	0	
19	36700000	36725000	0	0	0	
19	36725000	36750000	0	0	0	
19	36750000	36775000	0	0	0	
19	36775000	36800000	1	0	0	
19	36800000	36825000	1	1	1	
19	36825000	36850000	0	1	1	
19	36850000	36875000	0	0	0	
19	36875000	36900000	0	0	0	
19	36900000	36925000	0	0	0	
19	36925000	36950000	0	0	0	
19	36950000	36975000	0	0	0	
19	36975000	37000000	0	0	0	
19	37000000	37025000	0	0	0	
19	37025000	37050000	0	0	0	
19	37050000	37075000	0	0	0	
19	37075000	37100000	0	0	0	
19	37100000	37125000	0	0	0	
19	37125000	37150000	0	0	0	
19	37150000	37175000	0	0	0	
19	37175000	37200000	0	0	0	
19	37200000	37225000	0	0	0	
19	37225000	37250000	0	0	0	
19	37250000	37275000	0	0	0	
19	37275000	37300000	0	0	0	
19	37300000	37325000	0	0	0	
19	37325000	37350000	0	0	0	
19	37350000	37375000	0	0	0	
19	37375000	37400000	0	0	0	
19	37400000	37425000	0	0	0	
19	37425000	37450000	0	1	0	
19	37450000	37475000	0	0	0	
19	37475000	37500000	0	0	0	
19	37500000	37525000	0	0	0	
19	37525000	37550000	0	0	0	
19	37550000	37575000	1	1	0	
19	37575000	37600000	1	0	0	
19	37600000	37625000	0	0	0	
19	37625000	37650000	0	0	0	
19	37650000	37675000	0	0	0	
19	37675000	37700000	0	0	0	
19	37700000	37725000	0	0	0	
19	37725000	37750000	0	0	0	
19	37750000	37775000	0	0	0	
19	37775000	37800000	0	0	0	
19	37800000	37825000	0	0	0	
19	37825000	37850000	0	0	0	
19	37850000	37875000	0	0	0	
19	37875000	37900000	0	0	0	
19	37900000	37925000	0	0	0	
19	37925000	37950000	0	0	1	
19	37950000	37975000	1	1	1	
19	37975000	38000000	0	0	0	
19	38000000	38025000	0	0	0	
19	38025000	38050000	0	0	0	
19	38050000	38075000	0	0	0	
19	38075000	38100000	0	0	0	
19	38100000	38125000	0	0	0	
19	38125000	38150000	0	0	0	
19	38150000	38175000	0	0	0	
19	38175000	38200000	0	0	0	
19	38200000	38225000	0	0	0	
19	38225000	38250000	0	0	0	
19	38250000	38275000	0	0	0	
19	38275000	38300000	0	0	0	
19	38300000	38325000	0	0	0	
19	38325000	38350000	0	0	0	
19	38350000	38375000	0	0	0	
19	38375000	38400000	0	0	1	
19	38400000	38425000	0	1	1	
19	38425000	38450000	1	1	1	
19	38450000	38475000	0	0	0	
19	38475000	38500000	0	0	0	
19	38500000	38525000	0	0	0	
19	38525000	38550000	0	0	0	
19	38550000	38575000	0	0	0	
19	38575000	38600000	0	0	0	
19	38600000	38625000	0	0	0	
19	38625000	38650000	0	0	0	
19	38650000	38675000	0	0	0	
19	38675000	38700000	0	0	0	
19	38700000	38725000	0	0	0	
19	38725000	38750000	0	0	0	
19	38750000	38775000	0	0	0	
19	38775000	38800000	1	1	1	
19	38800000	38825000	1	0	0	
19	38825000	38850000	0	0	0	
19	38850000	38875000	0	0	0	
19	38875000	38900000	0	0	0	
19	38900000	38925000	0	0	0	
19	38925000	38950000	0	0	0	
19	38950000	38975000	0	0	0	
19	38975000	39000000	1	1	1	
19	39000000	39025000	1	1	1	
19	39025000	39050000	0	0	0	
19	39050000	39075000	0	0	0	
19	39075000	39100000	0	0	0	
19	39100000	39125000	0	0	0	
19	39125000	39150000	0	0	0	
19	39150000	39175000	0	0	0	
19	39175000	39200000	0	0	0	
19	39200000	39225000	0	0	0	
19	39225000	39250000	0	0	0	
19	39250000	39275000	0	0	0	
19	39275000	39300000	0	0	0	
19	39300000	39325000	0	0	0	
19	39325000	39350000	0	0	0	
19	39350000	39375000	0	0	0	
19	39375000	39400000	0	0	0	
19	39400000	39425000	0	0	0	
19	39425000	39450000	0	0	0	
19	39450000	39475000	0	0	0	
19	39475000	39500000	0	0	0	
19	39500000	39525000	0	0	0	
19	39525000	39550000	0	0	0	
19	39550000	39575000	0	0	0	
19	39575000	39600000	0	0	0	
19	39600000	39625000	0	0	0	
19	39625000	39650000	0	0	0	
19	39650000	39675000	0	0	0	
19	39675000	39700000	0	0	0	
19	39700000	39725000	0	0	0	
19	39725000	39750000	0	0	0	
19	39750000	39775000	0	0	0	
19	39775000	39800000	0	0	0	
19	39800000	39825000	0	0	0	
19	39825000	39850000	0	0	0	
19	39850000	39875000	0	0	0	
19	39875000	39900000	0	0	0	
19	39900000	39925000	0	0	0	
19	39925000	39950000	0	0	0	
19	39950000	39975000	0	0	0	
19	39975000	40000000	0	0	0	
19	40000000	40025000	0	0	0	
19	40025000	40050000	0	0	0	
19	40050000	40075000	0	0	0	
19	40075000	40100000	0	0	0	
19	40100000	40125000	0	0	0	
19	40125000	40150000	0	0	0	
19	40150000	40175000	0	0	0	
19	40175000	40200000	0	0	0	
19	40200000	40225000	0	0	1	
19	40225000	40250000	1	1	1	
19	40250000	40275000	1	0	0	
19	40275000	40300000	1	0	0	
19	40300000	40325000	0	0	0	
19	40325000	40350000	0	1	0	
19	40350000	40375000	0	0	0	
19	40375000	40400000	0	0	0	
19	40400000	40425000	0	0	0	
19	40425000	40450000	0	0	0	
19	40450000	40475000	0	0	0	
19	40475000	40500000	0	0	0	
19	40500000	40525000	0	0	0	
19	40525000	40550000	0	0	0	
19	40550000	40575000	0	0	0	
19	40575000	40600000	0	1	1	
19	40600000	40625000	0	0	1	
19	40625000	40650000	0	0	0	
19	40650000	40675000	0	0	0	
19	40675000	40700000	0	0	0	
19	40700000	40725000	0	0	0	
19	40725000	40750000	1	0	0	
19	40750000	40775000	1	0	0	
19	40775000	40800000	0	0	0	
19	40800000	40825000	0	0	0	
19	40825000	40850000	0	0	0	
19	40850000	40875000	0	0	0	
19	40875000	40900000	0	0	0	
19	40900000	40925000	0	0	0	
19	40925000	40950000	0	0	0	
19	40950000	40975000	0	0	0	
19	40975000	41000000	0	0	0	
19	41000000	41025000	0	0	0	
19	41025000	41050000	0	0	0	
19	41050000	41075000	1	1	1	
19	41075000	41100000	1	1	1	
19	41100000	41125000	0	0	0	
19	41125000	41150000	0	0	0	
19	41150000	41175000	0	0	0	
19	41175000	41200000	0	0	0	
19	41200000	41225000	0	0	0	
19	41225000	41250000	0	0	0	
19	41250000	41275000	1	1	0	
19	41275000	41300000	1	1	0	
19	41300000	41325000	0	0	0	
19	41325000	41350000	0	0	0	
19	41350000	41375000	0	0	0	
19	41375000	41400000	0	0	0	
19	41400000	41425000	0	0	0	
19	41425000	41450000	0	0	0	
19	41450000	41475000	0	0	0	
19	41475000	41500000	0	0	0	
19	41500000	41525000	0	0	0	
19	41525000	41550000	0	0	0	
19	41550000	41575000	0	0	0	
19	41575000	41600000	0	0	0	
19	41600000	41625000	0	0	0	
19	41625000	41650000	0	0	0	
19	41650000	41675000	0	0	0	
19	41675000	41700000	0	0	0	
19	41700000	41725000	0	0	0	
19	41725000	41750000	0	0	0	
19	41750000	41775000	0	0	0	
19	41775000	41800000	1	1	1	
19	41800000	41825000	1	1	0	
19	41825000	41850000	1	0	0	
19	41850000	41875000	1	0	0	
19	41875000	41900000	0	0	0	
19	41900000	41925000	0	0	0	
19	41925000	41950000	0	0	0	
19	41950000	41975000	0	0	0	
19	41975000	42000000	0	0	0	
19	42000000	42025000	0	0	0	
19	42025000	42050000	0	0	0	
19	42050000	42075000	0	0	0	
19	42075000	42100000	0	0	0	
19	42100000	42125000	0	0	0	
19	42125000	42150000	0	0	0	
19	42150000	42175000	0	0	0	
19	42175000	42200000	1	1	1	
19	42200000	42225000	1	0	0	
19	42225000	42250000	0	0	0	
19	42250000	42275000	0	0	0	
19	42275000	42300000	0	0	0	
19	42300000	42325000	0	0	0	
19	42325000	42350000	0	0	0	
19	42350000	42375000	0	0	0	
19	42375000	42400000	0	0	0	
19	42400000	42425000	0	0	0	
19	42425000	42450000	0	0	0	
19	42450000	42475000	0	0	0	
19	42475000	42500000	0	0	0	
19	42500000	42525000	0	0	0	
19	42525000	42550000	0	0	0	
19	42550000	42575000	0	0	0	
19	42575000	42600000	0	0	0	
19	42600000	42625000	0	0	0	
19	42625000	42650000	0	0	0	
19	42650000	42675000	0	0	0	
19	42675000	42700000	0	0	0	
19	42700000	42725000	0	0	0	
19	42725000	42750000	0	0	0	
19	42750000	42775000	0	0	0	
19	42775000	42800000	1	1	1	
19	42800000	42825000	1	1	1	
19	42825000	42850000	0	0	0	
19	42850000	42875000	0	0	0	
19	42875000	42900000	0	0	0	
19	42900000	42925000	0	0	0	
19	42925000	42950000	0	0	0	
19	42950000	42975000	0	0	0	
19	42975000	43000000	0	0	0	
19	43000000	43025000	0	0	0	
19	43025000	43050000	0	0	0	
19	43050000	43075000	0	0	0	
19	43075000	43100000	0	0	0	
19	43100000	43125000	0	0	0	
19	43125000	43150000	0	0	0	
19	43150000	43175000	0	0	0	
19	43175000	43200000	0	0	0	
19	43200000	43225000	0	0	0	
19	43225000	43250000	0	0	0	
19	43250000	43275000	0	0	0	
19	43275000	43300000	0	0	0	
19	43300000	43325000	0	0	0	
19	43325000	43350000	0	0	0	
19	43350000	43375000	0	0	0	
19	43375000	43400000	0	0	0	
19	43400000	43425000	0	0	0	
19	43425000	43450000	0	0	0	
19	43450000	43475000	0	0	0	
19	43475000	43500000	1	1	1	
19	43500000	43525000	1	0	0	
19	43525000	43550000	0	0	0	
19	43550000	43575000	0	0	0	
19	43575000	43600000	0	0	0	
19	43600000	43625000	0	0	0	
19	43625000	43650000	0	0	0	
19	43650000	43675000	0	0	0	
19	43675000	43700000	0	0	0	
19	43700000	43725000	0	0	0	
19	43725000	43750000	0	0	0	
19	43750000	43775000	0	0	0	
19	43775000	43800000	0	0	0	
19	43800000	43825000	0	0	0	
19	43825000	43850000	0	0	0	
19	43850000	43875000	0	0	0	
19	43875000	43900000	0	0	0	
19	43900000	43925000	0	0	0	
19	43925000	43950000	0	0	0	
19	43950000	43975000	0	0	0	
19	43975000	44000000	0	0	0	
19	44000000	44025000	0	0	0	
19	44025000	44050000	0	0	0	
19	44050000	44075000	0	0	0	
19	44075000	44100000	0	0	0	
19	44100000	44125000	0	1	0	
19	44125000	44150000	1	1	1	
19	44150000	44175000	1	1	1	
19	44175000	44200000	0	0	0	
19	44200000	44225000	0	0	0	
19	44225000	44250000	0	0	0	
19	44250000	44275000	0	0	0	
19	44275000	44300000	0	0	0	
19	44300000	44325000	0	0	0	
19	44325000	44350000	0	0	0	
19	44350000	44375000	0	0	0	
19	44375000	44400000	0	0	0	
19	44400000	44425000	0	0	0	
19	44425000	44450000	0	0	0	
19	44450000	44475000	0	0	0	
19	44475000	44500000	0	0	0	
19	44500000	44525000	0	0	0	
19	44525000	44550000	0	0	0	
19	44550000	44575000	1	1	1	
19	44575000	44600000	0	1	1	
19	44600000	44625000	0	0	0	
19	44625000	44650000	0	0	0	
19	44650000	44675000	0	0	0	
19	44675000	44700000	0	0	0	
19	44700000	44725000	0	0	0	
19	44725000	44750000	0	0	0	
19	44750000	44775000	0	0	0	
19	44775000	44800000	0	0	0	
19	44800000	44825000	0	0	0	
19	44825000	44850000	0	0	0	
19	44850000	44875000	0	0	0	
19	44875000	44900000	0	0	0	
19	44900000	44925000	1	1	1	
19	44925000	44950000	1	1	1	
19	44950000	44975000	0	0	0	
19	44975000	45000000	0	0	0	
19	45000000	45025000	0	0	0	
19	45025000	45050000	0	0	0	
19	45050000	45075000	0	0	0	
19	45075000	45100000	0	0	0	
19	45100000	45125000	0	0	0	
19	45125000	45150000	0	0	0	
19	45150000	45175000	0	0	0	
19	45175000	45200000	1	1	1	
19	45200000	45225000	0	0	1	
19	45225000	45250000	0	0	1	
19	45250000	45275000	0	0	0	
19	45275000	45300000	0	0	0	
19	45300000	45325000	0	0	0	
19	45325000	45350000	0	0	0	
19	45350000	45375000	0	0	0	
19	45375000	45400000	0	0	0	
19	45400000	45425000	0	0	0	
19	45425000	45450000	0	0	0	
19	45450000	45475000	0	0	0	
19	45475000	45500000	0	0	0	
19	45500000	45525000	0	0	0	
19	45525000	45550000	0	0	0	
19	45550000	45575000	1	1	1	
19	45575000	45600000	0	0	1	
19	45600000	45625000	0	0	0	
19	45625000	45650000	0	0	0	
19	45650000	45675000	0	0	0	
19	45675000	45700000	0	0	0	
19	45700000	45725000	0	0	0	
19	45725000	45750000	0	0	0	
19	45750000	45775000	1	1	1	
19	45775000	45800000	0	1	0	
19	45800000	45825000	1	1	0	
19	45825000	45850000	0	0	0	
19	45850000	45875000	0	0	0	
19	45875000	45900000	0	0	0	
19	45900000	45925000	0	0	0	
19	45925000	45950000	0	0	0	
19	45950000	45975000	0	0	0	
19	45975000	46000000	0	0	0	
19	46000000	46025000	0	0	0	
19	46025000	46050000	1	1	0	
19	46050000	46075000	1	1	1	
19	46075000	46100000	1	1	1	
19	46100000	46125000	0	0	0	
19	46125000	46150000	0	0	0	
19	46150000	46175000	0	0	0	
19	46175000	46200000	0	0	0	
19	46200000	46225000	0	0	0	
19	46225000	46250000	0	0	0	
19	46250000	46275000	0	0	0	
19	46275000	46300000	0	0	0	
19	46300000	46325000	0	0	0	
19	46325000	46350000	0	0	0	
19	46350000	46375000	0	0	0	
19	46375000	46400000	0	0	0	
19	46400000	46425000	0	0	0	
19	46425000	46450000	0	0	0	
19	46450000	46475000	0	0	0	
19	46475000	46500000	0	0	0	
19	46500000	46525000	0	1	0	
19	46525000	46550000	0	0	0	
19	46550000	46575000	0	1	0	
19	46575000	46600000	0	1	1	
19	46600000	46625000	0	0	0	
19	46625000	46650000	0	0	0	
19	46650000	46675000	0	0	0	
19	46675000	46700000	0	0	0	
19	46700000	46725000	0	0	0	
19	46725000	46750000	0	0	0	
19	46750000	46775000	0	0	0	
19	46775000	46800000	0	0	0	
19	46800000	46825000	0	0	0	
19	46825000	46850000	0	0	0	
19	46850000	46875000	0	0	0	
19	46875000	46900000	0	0	0	
19	46900000	46925000	0	0	0	
19	46925000	46950000	0	0	0	
19	46950000	46975000	0	0	0	
19	46975000	47000000	0	0	0	
19	47000000	47025000	0	0	0	
19	47025000	47050000	0	0	0	
19	47050000	47075000	1	1	1	
19	47075000	47100000	0	1	1	
19	47100000	47125000	0	0	0	
19	47125000	47150000	0	0	0	
19	47150000	47175000	0	0	0	
19	47175000	47200000	1	1	1	
19	47200000	47225000	1	0	0	
19	47225000	47250000	0	0	0	
19	47250000	47275000	0	0	0	
19	47275000	47300000	0	0	0	
19	47300000	47325000	0	0	0	
19	47325000	47350000	0	0	0	
19	47350000	47375000	1	1	1	
19	47375000	47400000	0	0	0	
19	47400000	47425000	0	0	0	
19	47425000	47450000	0	0	0	
19	47450000	47475000	0	0	0	
19	47475000	47500000	0	0	0	
19	47500000	47525000	1	1	1	
19	47525000	47550000	1	0	0	
19	47550000	47575000	0	0	0	
19	47575000	47600000	0	0	0	
19	47600000	47625000	0	0	0	
19	47625000	47650000	0	0	0	
19	47650000	47675000	0	0	0	
19	47675000	47700000	0	0	0	
19	47700000	47725000	0	0	0	
19	47725000	47750000	0	0	0	
19	47750000	47775000	0	0	0	
19	47775000	47800000	0	0	0	
19	47800000	47825000	0	0	0	
19	47825000	47850000	0	0	0	
19	47850000	47875000	0	1	1	
19	47875000	47900000	0	0	1	
19	47900000	47925000	0	0	0	
19	47925000	47950000	0	0	0	
19	47950000	47975000	1	0	0	
19	47975000	48000000	0	0	0	
19	48000000	48025000	0	0	0	
19	48025000	48050000	0	0	0	
19	48050000	48075000	0	0	0	
19	48075000	48100000	0	0	0	
19	48100000	48125000	0	0	0	
19	48125000	48150000	0	0	0	
19	48150000	48175000	0	0	0	
19	48175000	48200000	0	0	0	
19	48200000	48225000	0	0	0	
19	48225000	48250000	0	0	0	
19	48250000	48275000	0	0	0	
19	48275000	48300000	0	0	0	
19	48300000	48325000	0	0	0	
19	48325000	48350000	0	0	0	
19	48350000	48375000	0	0	0	
19	48375000	48400000	0	0	0	
19	48400000	48425000	0	0	0	
19	48425000	48450000	0	0	0	
19	48450000	48475000	0	0	0	
19	48475000	48500000	0	0	0	
19	48500000	48525000	0	0	0	
19	48525000	48550000	0	0	0	
19	48550000	48575000	0	0	0	
19	48575000	48600000	0	0	0	
19	48600000	48625000	0	0	0	
19	48625000	48650000	0	0	0	
19	48650000	48675000	0	0	0	
19	48675000	48700000	0	0	0	
19	48700000	48725000	0	0	0	
19	48725000	48750000	0	0	0	
19	48750000	48775000	0	0	0	
19	48775000	48800000	0	0	0	
19	48800000	48825000	0	0	0	
19	48825000	48850000	0	0	0	
19	48850000	48875000	0	0	0	
19	48875000	48900000	0	0	0	
19	48900000	48925000	0	0	0	
19	48925000	48950000	0	0	0	
19	48950000	48975000	0	0	0	
19	48975000	49000000	0	0	0	
19	49000000	49025000	0	0	0	
19	49025000	49050000	0	0	0	
19	49050000	49075000	0	0	0	
19	49075000	49100000	0	0	0	
19	49100000	49125000	0	0	0	
19	49125000	49150000	0	0	0	
19	49150000	49175000	0	0	0	
19	49175000	49200000	0	0	0	
19	49200000	49225000	0	0	0	
19	49225000	49250000	0	0	0	
19	49250000	49275000	0	0	0	
19	49275000	49300000	0	0	0	
19	49300000	49325000	0	0	0	
19	49325000	49350000	0	0	0	
19	49350000	49375000	0	0	0	
19	49375000	49400000	0	0	0	
19	49400000	49425000	0	0	0	
19	49425000	49450000	0	0	0	
19	49450000	49475000	0	0	0	
19	49475000	49500000	0	0	0	
19	49500000	49525000	0	0	0	
19	49525000	49550000	0	0	0	
19	49550000	49575000	0	0	0	
19	49575000	49600000	0	0	0	
19	49600000	49625000	0	0	0	
19	49625000	49650000	0	0	0	
19	49650000	49675000	0	0	0	
19	49675000	49700000	0	0	0	
19	49700000	49725000	0	0	0	
19	49725000	49750000	0	0	0	
19	49750000	49775000	1	1	1	
19	49775000	49800000	0	0	0	
19	49800000	49825000	0	0	0	
19	49825000	49850000	0	0	0	
19	49850000	49875000	0	0	0	
19	49875000	49900000	0	0	0	
19	49900000	49925000	0	0	0	
19	49925000	49950000	0	0	0	
19	49950000	49975000	0	0	0	
19	49975000	50000000	0	1	0	
19	50000000	50025000	0	0	0	
19	50025000	50050000	0	0	0	
19	50050000	50075000	0	0	0	
19	50075000	50100000	0	0	0	
19	50100000	50125000	0	0	0	
19	50125000	50150000	0	0	0	
19	50150000	50175000	0	1	1	
19	50175000	50200000	1	1	1	
19	50200000	50225000	0	0	0	
19	50225000	50250000	1	0	0	
19	50250000	50275000	0	1	0	
19	50275000	50300000	0	0	0	
19	50300000	50325000	0	0	0	
19	50325000	50350000	0	0	0	
19	50350000	50375000	0	0	0	
19	50375000	50400000	0	0	0	
19	50400000	50425000	0	0	0	
19	50425000	50450000	0	0	0	
19	50450000	50475000	0	0	0	
19	50475000	50500000	0	0	0	
19	50500000	50525000	0	0	0	
19	50525000	50550000	0	0	0	
19	50550000	50575000	0	0	0	
19	50575000	50600000	0	0	0	
19	50600000	50625000	0	0	0	
19	50625000	50650000	0	0	0	
19	50650000	50675000	0	0	0	
19	50675000	50700000	0	0	0	
19	50700000	50725000	0	1	0	
19	50725000	50750000	0	0	0	
19	50750000	50775000	0	0	0	
19	50775000	50800000	0	0	0	
19	50800000	50825000	0	0	0	
19	50825000	50850000	0	0	0	
19	50850000	50875000	0	0	0	
19	50875000	50900000	0	0	0	
19	50900000	50925000	0	0	0	
19	50925000	50950000	0	0	0	
19	50950000	50975000	0	0	0	
19	50975000	51000000	0	0	0	
19	51000000	51025000	0	0	0	
19	51025000	51050000	0	0	0	
19	51050000	51075000	0	0	0	
19	51075000	51100000	0	0	0	
19	51100000	51125000	0	0	0	
19	51125000	51150000	0	0	0	
19	51150000	51175000	0	0	0	
19	51175000	51200000	0	0	0	
19	51200000	51225000	1	0	0	
19	51225000	51250000	0	0	0	
19	51250000	51275000	0	0	0	
19	51275000	51300000	0	0	0	
19	51300000	51325000	0	0	0	
19	51325000	51350000	0	0	0	
19	51350000	51375000	0	0	0	
19	51375000	51400000	0	0	0	
19	51400000	51425000	0	0	0	
19	51425000	51450000	0	0	0	
19	51450000	51475000	0	0	0	
19	51475000	51500000	0	0	0	
19	51500000	51525000	0	0	0	
19	51525000	51550000	0	0	0	
19	51550000	51575000	0	0	0	
19	51575000	51600000	0	0	0	
19	51600000	51625000	0	0	0	
19	51625000	51650000	0	0	0	
19	51650000	51675000	0	0	0	
19	51675000	51700000	0	0	0	
19	51700000	51725000	0	0	0	
19	51725000	51750000	0	0	0	
19	51750000	51775000	0	0	0	
19	51775000	51800000	0	0	0	
19	51800000	51825000	0	0	0	
19	51825000	51850000	0	0	0	
19	51850000	51875000	0	0	0	
19	51875000	51900000	0	0	0	
19	51900000	51925000	0	0	0	
19	51925000	51950000	0	0	0	
19	51950000	51975000	0	0	0	
19	51975000	52000000	0	0	0	
19	52000000	52025000	0	0	0	
19	52025000	52050000	0	0	0	
19	52050000	52075000	0	0	0	
19	52075000	52100000	0	0	0	
19	52100000	52125000	0	0	0	
19	52125000	52150000	0	0	0	
19	52150000	52175000	0	0	0	
19	52175000	52200000	0	0	0	
19	52200000	52225000	0	0	0	
19	52225000	52250000	0	0	0	
19	52250000	52275000	0	0	0	
19	52275000	52300000	0	0	0	
19	52300000	52325000	0	0	0	
19	52325000	52350000	0	0	0	
19	52350000	52375000	0	0	0	
19	52375000	52400000	0	0	0	
19	52400000	52425000	0	0	0	
19	52425000	52450000	0	0	0	
19	52450000	52475000	0	0	0	
19	52475000	52500000	0	0	0	
19	52500000	52525000	0	0	0	
19	52525000	52550000	0	0	0	
19	52550000	52575000	0	0	0	
19	52575000	52600000	0	0	0	
19	52600000	52625000	0	0	0	
19	52625000	52650000	0	0	0	
19	52650000	52675000	0	0	0	
19	52675000	52700000	0	0	0	
19	52700000	52725000	0	0	0	
19	52725000	52750000	0	0	0	
19	52750000	52775000	0	0	0	
19	52775000	52800000	0	0	0	
19	52800000	52825000	0	0	0	
19	52825000	52850000	0	0	0	
19	52850000	52875000	0	0	0	
19	52875000	52900000	0	0	0	
19	52900000	52925000	0	0	0	
19	52925000	52950000	0	0	0	
19	52950000	52975000	0	0	1	
19	52975000	53000000	1	1	1	
19	53000000	53025000	1	1	1	
19	53025000	53050000	0	0	0	
19	53050000	53075000	0	0	0	
19	53075000	53100000	0	0	0	
19	53100000	53125000	0	0	0	
19	53125000	53150000	0	0	0	
19	53150000	53175000	0	0	0	
19	53175000	53200000	0	0	0	
19	53200000	53225000	0	0	0	
19	53225000	53250000	0	0	0	
19	53250000	53275000	0	0	0	
19	53275000	53300000	0	0	0	
19	53300000	53325000	0	0	0	
19	53325000	53350000	0	0	0	
19	53350000	53375000	0	0	0	
19	53375000	53400000	1	1	1	
19	53400000	53425000	1	1	1	
19	53425000	53450000	0	0	0	
19	53450000	53475000	0	0	0	
19	53475000	53500000	0	0	0	
19	53500000	53525000	0	0	0	
19	53525000	53550000	0	0	0	
19	53550000	53575000	0	0	0	
19	53575000	53600000	0	0	0	
19	53600000	53625000	1	1	1	
19	53625000	53650000	1	1	1	
19	53650000	53675000	1	1	0	
19	53675000	53700000	0	0	0	
19	53700000	53725000	0	0	0	
19	53725000	53750000	0	0	0	
19	53750000	53775000	1	0	0	
19	53775000	53800000	0	0	0	
19	53800000	53825000	0	0	0	
19	53825000	53850000	0	0	0	
19	53850000	53875000	0	0	0	
19	53875000	53900000	0	0	0	
19	53900000	53925000	0	0	0	
19	53925000	53950000	0	0	0	
19	53950000	53975000	1	1	1	
19	53975000	54000000	0	0	0	
19	54000000	54025000	0	0	0	
19	54025000	54050000	1	0	0	
19	54050000	54075000	0	1	1	
19	54075000	54100000	0	0	0	
19	54100000	54125000	0	0	0	
19	54125000	54150000	0	0	0	
19	54150000	54175000	0	0	0	
19	54175000	54200000	0	0	0	
19	54200000	54225000	0	0	0	
19	54225000	54250000	0	0	0	
19	54250000	54275000	0	0	0	
19	54275000	54300000	0	0	0	
19	54300000	54325000	0	0	0	
19	54325000	54350000	0	0	0	
19	54350000	54375000	0	0	0	
19	54375000	54400000	0	0	0	
19	54400000	54425000	0	0	0	
19	54425000	54450000	0	0	0	
19	54450000	54475000	0	0	0	
19	54475000	54500000	0	0	0	
19	54500000	54525000	0	0	0	
19	54525000	54550000	0	0	0	
19	54550000	54575000	0	0	0	
19	54575000	54600000	0	0	0	
19	54600000	54625000	0	0	0	
19	54625000	54650000	0	0	0	
19	54650000	54675000	0	0	0	
19	54675000	54700000	0	0	0	
19	54700000	54725000	0	0	0	
19	54725000	54750000	0	0	0	
19	54750000	54775000	0	0	0	
19	54775000	54800000	0	0	0	
19	54800000	54825000	0	0	0	
19	54825000	54850000	0	0	0	
19	54850000	54875000	0	0	0	
19	54875000	54900000	0	0	0	
19	54900000	54925000	0	0	0	
19	54925000	54950000	0	0	0	
19	54950000	54975000	0	0	0	
19	54975000	55000000	0	0	0	
19	55000000	55025000	0	0	0	
19	55025000	55050000	0	0	0	
19	55050000	55075000	1	1	1	
19	55075000	55100000	1	1	1	
19	55100000	55125000	0	0	0	
19	55125000	55150000	0	0	0	
19	55150000	55175000	0	0	0	
19	55175000	55200000	0	0	0	
19	55200000	55225000	0	0	0	
19	55225000	55250000	0	0	0	
19	55250000	55275000	0	0	0	
19	55275000	55300000	0	0	0	
19	55300000	55325000	0	1	1	
19	55325000	55350000	1	1	1	
19	55350000	55375000	1	0	0	
19	55375000	55400000	0	0	0	
19	55400000	55425000	0	0	0	
19	55425000	55450000	0	0	0	
19	55450000	55475000	0	0	0	
19	55475000	55500000	0	0	0	
19	55500000	55525000	0	0	0	
19	55525000	55550000	0	0	0	
19	55550000	55575000	0	0	0	
19	55575000	55600000	0	0	0	
19	55600000	55625000	0	0	0	
19	55625000	55650000	0	0	0	
19	55650000	55675000	0	0	0	
19	55675000	55700000	0	0	0	
19	55700000	55725000	0	0	0	
19	55725000	55750000	0	0	0	
19	55750000	55775000	0	0	0	
19	55775000	55800000	0	0	0	
19	55800000	55825000	0	0	0	
19	55825000	55850000	0	0	0	
19	55850000	55875000	0	0	0	
19	55875000	55900000	0	0	0	
19	55900000	55925000	0	1	1	
19	55925000	55950000	0	0	0	
19	55950000	55975000	0	0	0	
19	55975000	56000000	0	0	0	
19	56000000	56025000	0	0	0	
19	56025000	56050000	0	0	0	
19	56050000	56075000	0	0	0	
19	56075000	56100000	0	0	0	
19	56100000	56125000	0	0	0	
19	56125000	56150000	0	0	0	
19	56150000	56175000	0	0	0	
19	56175000	56200000	0	0	0	
19	56200000	56225000	0	0	0	
19	56225000	56250000	0	0	0	
19	56250000	56275000	0	0	0	
19	56275000	56300000	0	0	0	
19	56300000	56325000	0	0	0	
19	56325000	56350000	1	1	1	
19	56350000	56375000	1	1	1	
19	56375000	56400000	0	0	0	
19	56400000	56425000	1	1	1	
19	56425000	56450000	0	0	0	
19	56450000	56475000	0	0	0	
19	56475000	56500000	0	0	0	
19	56500000	56525000	0	0	0	
19	56525000	56550000	0	0	0	
19	56550000	56575000	0	0	0	
19	56575000	56600000	0	0	0	
19	56600000	56625000	0	0	0	
19	56625000	56650000	0	0	0	
19	56650000	56675000	0	0	0	
19	56675000	56700000	0	0	0	
19	56700000	56725000	0	0	0	
19	56725000	56750000	0	0	0	
19	56750000	56775000	0	0	0	
19	56775000	56800000	0	0	0	
19	56800000	56825000	1	1	0	
19	56825000	56850000	1	1	1	
19	56850000	56875000	0	0	0	
19	56875000	56900000	0	0	0	
19	56900000	56925000	0	0	0	
19	56925000	56950000	0	0	0	
19	56950000	56975000	0	0	0	
19	56975000	57000000	0	0	0	
19	57000000	57025000	0	0	0	
19	57025000	57050000	0	0	0	
19	57050000	57075000	0	0	0	
19	57075000	57100000	0	0	0	
19	57100000	57125000	0	0	0	
19	57125000	57150000	0	0	0	
19	57150000	57175000	0	0	0	
19	57175000	57200000	0	0	0	
19	57200000	57225000	0	0	0	
19	57225000	57250000	0	0	0	
19	57250000	57275000	0	0	0	
19	57275000	57300000	0	0	0	
19	57300000	57325000	0	0	0	
19	57325000	57350000	0	0	0	
19	57350000	57375000	1	1	1	
19	57375000	57400000	1	1	1	
19	57400000	57425000	0	0	0	
19	57425000	57450000	0	0	0	
19	57450000	57475000	0	0	0	
19	57475000	57500000	0	0	0	
19	57500000	57525000	0	0	0	
19	57525000	57550000	0	0	0	
19	57550000	57575000	0	0	0	
19	57575000	57600000	0	0	0	
19	57600000	57625000	0	0	0	
19	57625000	57650000	0	0	1	
19	57650000	57675000	1	1	1	
19	57675000	57700000	1	1	1	
19	57700000	57725000	1	0	0	
19	57725000	57750000	0	0	0	
19	57750000	57775000	0	0	0	
19	57775000	57800000	0	0	0	
19	57800000	57825000	0	0	0	
19	57825000	57850000	0	0	0	
19	57850000	57875000	0	0	0	
19	57875000	57900000	0	0	0	
19	57900000	57925000	0	0	0	
19	57925000	57950000	0	0	0	
19	57950000	57975000	0	0	0	
19	57975000	58000000	0	0	0	
19	58000000	58025000	0	0	0	
19	58025000	58050000	0	0	0	
19	58050000	58075000	0	0	0	
19	58075000	58100000	0	0	0	
19	58100000	58125000	0	0	0	
19	58125000	58150000	0	0	0	
19	58150000	58175000	0	0	0	
19	58175000	58200000	0	0	0	
19	58200000	58225000	0	0	0	
19	58225000	58250000	0	0	0	
19	58250000	58275000	0	0	0	
19	58275000	58300000	0	0	0	
19	58300000	58325000	0	0	0	
19	58325000	58350000	0	0	0	
19	58350000	58375000	0	0	0	
19	58375000	58400000	0	0	0	
19	58400000	58425000	0	0	0	
19	58425000	58450000	0	0	0	
19	58450000	58475000	0	0	0	
19	58475000	58500000	0	0	1	
19	58500000	58525000	0	0	0	
19	58525000	58550000	0	0	0	
19	58550000	58575000	0	0	0	
19	58575000	58600000	0	0	0	
19	58600000	58625000	0	0	0	
19	58625000	58650000	0	0	0	
19	58650000	58675000	0	0	0	
19	58675000	58700000	0	0	0	
19	58700000	58725000	0	0	0	
19	58725000	58750000	0	0	0	
19	58750000	58775000	0	0	0	
19	58775000	58800000	0	0	0	
19	58800000	58825000	0	0	0	
19	58825000	58850000	0	0	0	
19	58850000	58875000	0	0	0	
19	58875000	58900000	0	0	0	
19	58900000	58925000	1	1	1	
19	58925000	58950000	0	1	1	
19	58950000	58975000	0	0	0	
19	58975000	59000000	0	0	0	
19	59000000	59025000	0	0	0	
19	59025000	59050000	0	0	0	
19	59050000	59075000	0	0	0	
19	59075000	59100000	0	0	0	
19	59100000	59125000	0	0	0	
19	59125000	59150000	0	0	0	
19	59150000	59175000	0	0	0	
19	59175000	59200000	0	0	0	
19	59200000	59225000	0	1	1	
19	59225000	59250000	1	1	1	
19	59250000	59275000	0	0	0	
19	59275000	59300000	0	0	0	
19	59300000	59325000	0	0	0	
19	59325000	59350000	0	0	0	
19	59350000	59375000	0	1	1	
19	59375000	59400000	0	0	0	
19	59400000	59425000	0	0	0	
19	59425000	59450000	0	0	0	
19	59450000	59475000	0	1	1	
19	59475000	59500000	1	1	1	
19	59500000	59525000	0	0	0	
19	59525000	59550000	0	0	0	
19	59550000	59575000	0	0	0	
19	59575000	59600000	0	0	0	
19	59600000	59625000	0	0	0	
19	59625000	59650000	0	0	0	
19	59650000	59675000	0	0	0	
19	59675000	59700000	0	0	0	
19	59700000	59725000	0	0	0	
19	59725000	59750000	0	0	0	
19	59750000	59775000	0	0	0	
19	59775000	59800000	0	0	0	
19	59800000	59825000	0	0	0	
19	59825000	59850000	0	0	0	
19	59850000	59875000	0	0	0	
19	59875000	59900000	0	0	0	
19	59900000	59925000	0	0	0	
19	59925000	59950000	0	0	0	
19	59950000	59975000	0	0	0	
19	59975000	60000000	0	0	0	
19	60000000	60025000	0	0	0	
19	60025000	60050000	0	0	0	
19	60050000	60075000	0	0	0	
19	60075000	60100000	0	0	0	
19	60100000	60125000	0	0	0	
19	60125000	60150000	0	0	0	
19	60150000	60175000	1	1	1	
19	60175000	60200000	1	0	0	
19	60200000	60225000	0	0	0	
19	60225000	60250000	0	0	0	
19	60250000	60275000	0	0	0	
19	60275000	60300000	0	0	0	
19	60300000	60325000	0	0	0	
19	60325000	60350000	0	0	0	
19	60350000	60375000	0	0	0	
19	60375000	60400000	0	0	0	
19	60400000	60425000	0	0	0	
19	60425000	60450000	1	0	1	
19	60450000	60475000	0	1	1	
19	60475000	60500000	0	0	0	
19	60500000	60525000	0	0	0	
19	60525000	60550000	0	0	0	
19	60550000	60575000	0	0	0	
19	60575000	60600000	0	0	0	
19	60600000	60625000	0	0	0	
19	60625000	60650000	0	0	0	
19	60650000	60675000	0	0	0	
19	60675000	60700000	0	0	0	
19	60700000	60725000	0	0	0	
19	60725000	60750000	1	1	0	
19	60750000	60775000	1	1	1	
19	60775000	60800000	0	0	1	
19	60800000	60825000	1	1	1	
19	60825000	60850000	0	0	0	
19	60850000	60875000	0	0	0	
19	60875000	60900000	1	1	1	
19	60900000	60925000	1	1	1	
19	60925000	60950000	0	0	0	
19	60950000	60975000	0	0	0	
19	60975000	61000000	0	0	0	
19	61000000	61025000	0	0	0	
19	61025000	61050000	0	0	0	
19	61050000	61075000	0	0	0	
19	61075000	61100000	1	0	0	
19	61100000	61125000	1	1	0	
19	61125000	61150000	1	0	0	
19	61150000	61175000	0	0	0	
19	61175000	61200000	0	0	0	
19	61200000	61225000	0	0	0	
19	61225000	61250000	0	0	0	
19	61250000	61275000	0	0	0	
19	61275000	61300000	0	0	0	
19	61300000	61325000	0	0	0	
19	61325000	61350000	0	0	0	
